12	163
37	182
63	204
84	219
99	233
113	246
124	261
131	277
136	292
136	294
137	293
138	274
138	258
134	239
131	223
129	203
128	181
128	154
128	146
130	133
133	125
137	114
142	103
150	90
160	77
169	66
182	56
192	45
205	37
218	28
227	20
238	15
246	11
253	8
260	7
264	6
268	6
270	6
271	6
272	6
273	7
274	9
275	11
276	13
277	15
278	16
279	17
280	18
281	19
282	19
283	19
284	18
285	15
286	12
287	8
287	7
287	5
288	4
288	3
288	2
288	1
323	1
327	5
330	8
332	10
333	11
334	12
334	11
334	10
334	7
333	5
333	3
333	1
333	0
333	4
334	12
335	24
337	37
337	54
337	74
337	90
337	108
337	122
337	134
337	146
337	156
337	164
337	171
338	175
339	180
340	186
341	191
343	196
344	199
345	202
346	206
347	208
348	208
349	209
350	210
350	211
351	212
352	213
353	214
354	214
356	214
357	214
359	214
360	214
361	214
362	214
362	213
363	213
362	213
361	213
360	214
359	214
358	216
356	218
355	219
354	221
354	222
353	224
352	225
350	227
349	228
348	229
347	230
346	232
345	233
345	234
344	235
343	236
342	236
348	227
354	214
360	199
367	187
373	172
382	157
386	145
393	132
399	123
403	118
406	112
410	109
413	107
415	105
416	104
417	104
420	104
CLICK
21.189620
432	140
432	142
433	143
433	144
434	145
435	146
435	147
436	148
437	149
438	150
440	151
441	151
442	152
444	153
445	154
448	156
451	159
454	162
458	163
462	165
466	166
470	167
477	169
485	170
493	170
502	170
510	170
514	171
519	172
524	174
528	176
533	179
540	183
546	187
550	192
553	197
557	202
561	207
564	212
565	217
567	222
569	227
570	230
571	235
573	239
574	243
575	246
577	249
578	253
579	255
579	256
580	257
580	258
581	259
582	261
583	263
583	265
584	267
585	270
586	271
587	273
588	275
589	276
590	278
591	279
592	280
593	281
595	284
597	286
600	288
603	291
606	295
609	296
613	298
615	299
617	300
619	302
621	303
622	304
623	305
624	305
CLICK
15.000000
616	285
611	268
608	252
606	234
605	218
605	204
605	192
603	182
602	169
600	161
599	151
598	144
595	135
594	129
592	122
591	114
590	109
588	103
587	98
586	95
585	93
585	92
584	91
584	90
583	89
581	87
581	86
579	85
577	83
575	81
573	77
570	75
568	72
567	68
563	65
561	61
559	58
555	55
553	51
549	48
548	45
545	42
544	40
543	39
542	39
CLICK
13.038405
472	69
457	76
443	82
428	87
416	92
405	95
399	96
394	97
391	97
388	97
387	97
386	97
385	97
CLICK
22.671568
388	126
390	137
391	149
396	162
401	174
404	187
409	199
413	210
418	221
422	231
425	240
428	249
431	257
433	261
434	264
435	266
436	267
437	267
437	264
438	256
440	246
441	234
444	221
446	213
447	204
448	200
450	195
451	193
451	192
451	191
455	204
456	213
457	221
460	230
463	238
467	245
471	250
474	255
476	260
479	265
480	270
482	273
484	277
485	280
486	282
487	284
488	285
489	287
490	288
490	289
491	290
492	291
493	292
494	294
494	295
494	296
494	298
496	301
496	304
497	307
497	310
497	313
497	317
497	319
498	321
498	322
498	323
498	324
482	291
473	270
468	251
462	235
457	220
452	206
449	193
446	185
445	178
444	175
444	172
443	170
443	168
443	167
443	166
443	165
443	164
443	163
CLICK
12.206556
442	162
437	157
434	154
430	150
427	147
424	143
418	139
413	134
409	129
406	125
403	122
401	120
398	116
395	113
392	110
389	106
385	104
380	101
377	100
374	98
370	97
367	96
364	95
361	94
357	93
353	91
348	91
344	90
335	90
331	90
326	92
320	93
313	94
304	97
296	99
290	100
281	104
274	107
269	109
265	113
262	115
261	116
231	173
223	187
213	202
205	217
197	232
189	245
182	257
176	270
170	281
163	294
159	303
153	312
147	321
142	330
137	335
131	340
126	346
123	349
119	353
116	356
112	360
107	364
102	368
96	371
93	375
90	377
86	381
84	384
80	387
78	391
76	393
74	396
72	400
69	403
67	406
66	410
65	411
93	390
110	381
132	370
151	360
178	348
205	333
229	319
256	307
282	294
304	287
318	281
333	276
345	271
356	270
364	268
369	267
373	266
377	265
378	264
379	263
382	261
387	257
392	255
395	253
400	250
404	249
407	248
408	247
409	247
411	248
412	249
414	250
415	251
416	252
417	252
418	253
420	254
423	255
426	257
428	258
429	258
431	259
431	260
CLICK
12.369317
429	262
418	260
404	259
392	259
378	257
364	256
350	254
336	252
319	249
301	246
283	241
264	236
250	231
235	226
223	223
213	222
206	220
202	219
197	218
194	217
190	217
188	216
187	216
186	216
185	216
184	216
182	216
181	216
180	216
176	216
173	216
170	216
167	215
163	214
160	213
156	211
151	209
146	208
143	207
139	206
136	206
134	205
133	205
132	204
132	203
131	203
130	202
CLICK
17.464249
141	205
153	209
168	216
182	221
197	227
210	234
224	240
239	247
254	257
268	263
281	269
292	276
301	282
306	286
311	289
317	293
320	297
324	300
327	303
330	305
334	307
337	309
339	311
340	313
341	314
342	315
343	316
345	318
347	321
348	323
349	325
350	327
351	330
352	332
353	332
354	333
355	334
355	337
356	339
357	342
358	346
359	349
360	352
361	354
361	356
361	357
361	359
361	360
361	361
361	360
361	359
359	356
358	353
357	348
356	345
355	342
355	340
355	339
CLICK
13.000000
390	300
415	270
443	239
470	206
489	180
502	165
514	152
522	139
528	128
532	120
535	113
536	108
537	105
537	103
537	101
537	99
537	97
538	95
538	93
538	92
539	91
539	89
540	87
541	85
541	84
541	83
541	82
541	83
539	87
536	92
532	97
526	104
520	112
515	117
509	121
506	124
503	127
501	128
500	129
499	129
499	128
CLICK
23.600847
475	138
468	142
459	146
452	152
443	158
432	164
419	171
408	177
399	183
390	187
385	191
380	195
375	197
370	200
367	202
362	206
357	208
353	212
350	215
346	218
344	220
342	223
340	225
339	226
338	228
337	229
336	231
335	231
335	232
335	233
336	232
342	229
347	227
354	224
358	223
362	221
364	220
364	219
365	219
366	218
CLICK
7.000000
370	218
370	217
379	212
393	206
408	199
425	193
439	186
454	181
466	176
475	174
484	169
493	165
497	164
501	161
502	161
502	160
502	159
CLICK
7.211103
514	197
518	205
523	214
526	223
528	232
531	240
536	249
539	260
540	268
542	276
543	285
544	293
544	301
546	308
549	317
551	323
554	328
555	332
557	335
558	337
559	338
560	340
561	341
563	342
564	345
566	346
567	346
567	347
568	348
569	349
569	350
570	351
570	352
571	352
571	353
572	353
573	353
578	363
580	366
581	370
582	373
583	376
584	378
585	379
585	380
CLICK
8.944272
578	380
572	379
560	379
544	379
522	381
496	385
475	385
453	385
433	384
410	380
387	377
361	373
335	371
313	370
293	368
275	366
257	365
239	365
223	363
210	361
202	360
194	359
189	357
182	356
178	354
171	352
166	350
159	347
153	346
148	345
144	344
139	342
136	341
131	340
128	339
124	338
121	337
116	336
113	335
110	334
108	333
107	332
105	329
104	325
103	321
103	318
103	314
104	312
105	311
106	310
107	308
108	305
109	302
110	300
111	298
112	297
113	296
114	295
115	295
116	295
117	294
118	293
119	292
119	291
119	290
120	290
121	290
122	290
125	290
127	283
130	272
133	263
136	255
137	250
138	248
138	247
126	307
136	292
150	272
177	238
207	201
248	154
283	122
316	95
338	77
360	59
378	45
391	32
404	21
414	11
419	6
424	0
471	7
471	15
471	23
471	28
473	32
473	36
474	38
474	39
475	39
461	33
456	29
451	26
446	24
441	21
438	20
434	19
433	18
CLICK
22.360680
421	47
416	59
410	74
399	93
389	113
379	129
372	144
366	157
361	169
356	180
350	195
343	209
335	224
329	241
320	257
314	272
306	287
297	301
291	316
284	329
280	338
276	343
275	346
274	347
274	348
275	348
277	348
279	346
284	343
289	339
296	334
305	328
312	322
318	317
325	311
330	305
336	300
343	296
346	293
347	293
348	293
CLICK
23.600847
307	308
299	309
292	310
286	312
281	313
277	313
273	313
270	313
267	313
264	312
260	311
257	308
254	305
250	301
247	298
243	294
240	291
236	286
232	281
229	276
225	270
222	265
218	262
214	257
212	253
208	250
206	245
204	241
200	238
198	235
196	231
194	228
193	226
191	223
190	219
190	216
189	213
188	211
187	207
186	205
185	204
185	203
185	202
184	200
184	199
183	198
183	197
183	196
183	195
182	194
181	193
181	192
180	192
179	190
178	186
177	184
176	181
174	178
173	174
170	171
168	168
165	164
164	162
162	161
161	160
160	160
CLICK
7.280110
275	181
301	183
327	185
357	187
379	189
399	190
415	192
429	192
439	193
447	195
456	195
462	195
465	195
466	195
467	195
468	195
469	196
469	197
469	198
451	236
448	238
445	240
440	244
435	248
431	250
428	251
427	252
426	253
424	254
424	255
423	256
422	256
424	252
428	246
433	241
441	232
450	224
458	217
463	211
467	206
468	205
469	204
315	312
310	315
309	315
308	316
322	300
327	295
333	289
338	284
341	281
344	280
344	279
343	279
342	280
341	281
CLICK
21.095023
341	284
349	278
359	272
368	266
378	260
389	254
400	247
411	241
424	235
437	228
449	220
462	212
475	203
490	194
503	186
516	180
525	174
532	170
537	166
540	164
544	162
546	161
546	160
546	161
547	163
548	165
549	169
551	172
552	177
553	181
554	186
555	190
556	194
557	197
558	199
559	200
CLICK
17.000000
556	202
539	205
523	208
507	213
488	220
470	228
446	238
421	245
395	255
370	263
349	270
330	277
312	283
297	290
285	295
274	299
263	304
254	308
243	314
234	321
227	325
220	329
215	333
210	337
205	341
201	344
198	346
195	347
191	349
187	350
182	351
176	352
171	353
166	354
164	356
162	356
160	356
158	356
155	356
151	356
148	356
145	356
142	356
137	356
134	356
131	356
130	356
129	356
128	356
127	355
127	354
127	353
CLICK
18.973666
184	371
196	376
209	380
222	387
234	391
247	398
259	403
268	407
277	411
284	414
291	418
296	422
299	423
302	424
304	425
304	426
305	426
306	427
307	428
308	429
309	430
310	430
310	431
CLICK
1.000000
356	417
370	412
389	407
407	402
425	396
444	389
460	384
475	379
489	374
502	371
510	370
517	369
525	366
534	364
542	361
551	360
555	359
562	358
567	356
571	355
574	354
578	353
580	353
582	352
583	352
583	359
582	360
582	361
579	362
577	363
577	364
574	365
572	366
568	367
565	369
562	371
560	372
556	373
CLICK
5.000000
545	373
544	371
543	369
542	367
541	364
540	362
539	358
537	355
535	352
531	348
527	343
523	338
514	332
501	325
489	317
474	311
459	304
445	299
432	293
419	288
407	284
394	277
381	271
369	264
358	258
349	252
344	248
338	243
333	239
327	234
322	230
317	226
312	220
306	216
301	211
296	206
292	200
288	195
284	190
280	183
275	176
271	167
267	162
263	155
260	146
259	138
254	129
251	122
247	113
243	104
238	97
234	90
230	83
226	78
223	75
219	69
216	66
213	63
211	59
209	57
208	55
204	53
202	52
200	51
197	50
194	49
190	48
187	48
185	47
182	45
180	44
178	43
174	43
172	43
171	42
170	42
168	42
166	42
163	42
161	42
160	42
159	43
158	43
147	130
145	148
144	168
140	187
137	205
134	221
132	235
127	248
124	260
120	273
115	285
112	298
109	308
104	317
101	326
99	331
95	336
94	341
91	346
89	349
88	352
86	357
83	360
82	365
81	370
80	373
78	376
77	380
76	383
74	386
74	387
73	388
73	389
77	388
82	387
85	386
89	385
92	384
95	382
100	381
104	381
109	380
114	379
117	378
121	377
126	377
129	376
133	375
136	375
139	375
141	373
144	373
147	373
152	373
156	373
161	373
164	373
167	373
169	374
173	374
176	374
179	374
182	374
187	373
191	373
196	373
200	373
206	374
211	375
216	376
219	377
222	377
225	378
227	378
229	379
231	380
233	381
237	382
240	383
245	385
248	386
CLICK
4.000000
272	391
275	388
281	384
286	379
295	371
308	358
324	342
345	321
368	298
391	275
418	250
433	235
446	222
456	209
465	200
471	194
476	189
481	185
485	181
488	178
492	175
495	171
499	168
502	164
504	161
507	157
508	154
510	152
511	149
513	147
514	143
515	140
518	137
520	132
524	128
526	125
529	121
530	118
533	115
534	113
535	111
536	109
537	107
538	105
539	103
540	100
542	97
543	95
544	92
545	91
546	90
546	89
546	88
546	87
547	87
548	88
549	90
550	92
552	96
553	98
555	100
557	102
559	104
561	106
562	107
563	108
564	109
565	110
566	111
567	112
568	113
569	113
CLICK
7.071068
497	186
488	195
477	204
466	214
454	224
445	230
438	235
431	240
426	244
419	248
414	252
409	256
402	258
397	262
393	264
390	268
388	270
387	271
386	272
385	273
384	273
383	274
383	275
371	288
369	289
368	290
367	291
366	291
365	292
364	293
364	294
363	295
CLICK
17.029386
353	302
350	304
349	308
347	310
346	311
345	312
344	314
343	316
342	319
341	322
340	325
337	330
336	337
335	341
334	348
332	354
331	359
330	364
329	368
329	372
329	375
329	378
329	381
329	382
329	383
329	384
329	385
331	386
335	387
339	389
344	390
349	391
352	393
355	394
359	395
361	396
363	397
365	398
366	399
366	400
367	401
368	401
CLICK
6.708204
343	378
337	373
330	369
325	365
320	361
317	359
313	356
310	354
306	352
303	350
301	347
296	344
293	343
288	340
285	339
281	337
278	335
275	334
271	331
269	330
266	328
264	326
262	324
259	322
259	321
258	320
257	319
256	317
255	316
254	316
254	315
254	314
254	313
CLICK
22.803509
253	313
250	313
246	313
240	313
232	313
224	313
215	314
205	316
193	317
181	317
171	317
162	317
156	317
152	317
147	317
143	317
138	316
132	316
127	315
123	315
120	315
116	314
115	314
114	313
113	313
112	312
111	312
110	311
109	311
108	310
107	309
106	309
105	309
104	309
103	308
103	307
102	307
101	307
100	307
99	307
98	307
97	307
94	309
90	314
87	319
83	325
80	329
79	333
78	337
77	341
76	344
76	347
76	350
77	353
79	356
84	357
90	360
102	360
120	360
143	357
175	351
211	342
256	329
308	316
356	306
411	298
470	290
530	279
577	272
624	265
629	316
617	320
606	323
598	325
591	326
588	326
587	326
585	326
584	326
583	326
582	325
581	325
580	324
579	323
579	322
577	321
575	321
571	320
568	319
564	318
559	318
556	318
553	318
549	318
548	318
547	318
CLICK
15.231546
531	318
523	318
513	318
501	318
488	318
472	320
458	321
446	323
434	323
422	323
412	322
403	320
394	317
386	314
377	309
368	305
359	300
354	297
349	293
343	289
338	285
333	281
328	277
323	273
319	271
316	269
314	267
313	266
312	265
311	264
310	263
309	262
309	261
308	260
307	258
306	257
305	256
305	255
250	282
241	283
237	284
232	284
228	284
225	284
221	284
218	284
215	284
213	283
209	282
206	281
203	280
200	279
198	278
196	277
192	277
189	276
186	276
181	276
177	277
172	278
167	279
164	279
160	281
155	281
150	282
146	282
141	283
137	284
132	284
129	285
124	286
120	287
113	289
109	290
104	291
99	292
95	293
91	294
88	296
88	295
93	291
100	287
107	283
114	279
125	274
135	269
146	265
159	260
171	255
184	251
196	246
207	245
219	243
229	242
238	240
246	239
251	238
255	238
260	236
264	235
268	235
270	234
272	234
272	233
294	237
307	237
324	237
341	236
359	231
377	226
395	221
414	214
432	209
451	203
467	196
486	188
504	179
523	171
542	160
555	151
568	141
577	135
580	131
581	130
547	153
538	157
531	162
526	164
522	166
520	167
519	167
518	167
CLICK
24.166092
515	168
514	168
514	167
514	166
513	166
503	170
488	176
472	186
453	197
426	209
398	226
370	244
345	260
324	275
307	285
294	292
285	298
276	302
268	307
259	311
250	312
238	314
226	315
214	315
204	315
194	315
185	315
176	311
170	308
164	304
160	299
158	294
154	289
153	284
152	279
152	276
152	272
152	269
152	264
154	261
155	256
158	251
159	248
160	244
161	240
162	237
163	233
164	230
166	225
167	222
168	219
169	215
170	212
171	209
172	206
173	205
174	203
174	201
175	199
175	196
175	192
175	189
175	186
175	184
173	181
172	177
170	174
168	171
165	167
161	164
158	160
153	158
148	154
139	151
129	148
116	146
102	145
86	143
72	142
58	140
47	139
39	137
36	136
31	134
29	133
28	132
27	130
26	129
25	128
24	125
23	123
22	121
21	118
21	115
20	111
20	108
20	105
20	100
21	96
23	89
26	81
28	72
33	61
37	52
44	42
48	31
53	22
57	15
59	10
62	7
64	5
65	4
65	3
66	3
67	3
68	3
69	3
70	3
71	3
69	7
65	12
61	19
56	28
52	37
48	46
43	55
39	64
34	72
32	77
29	82
28	87
27	90
26	91
25	92
25	93
26	94
28	96
29	96
30	98
32	102
33	105
37	108
39	113
41	117
44	120
46	123
48	127
50	130
51	132
52	133
53	135
54	136
55	137
56	138
57	139
58	139
59	140
60	140
61	143
64	145
68	146
72	149
76	150
79	151
81	152
82	153
83	154
CLICK
18.439089
87	154
93	151
102	148
113	143
125	139
140	132
157	125
173	121
191	116
210	111
228	106
244	102
261	97
275	93
291	89
304	86
312	85
319	84
322	84
324	84
325	84
326	83
327	83
328	84
329	85
330	86
331	88
332	90
333	92
334	94
335	96
336	98
337	99
338	100
338	101
339	101
339	102
340	103
340	104
341	105
341	106
342	106
342	107
343	107
344	107
344	108
345	109
345	110
346	111
347	112
348	112
349	113
349	114
350	114
351	115
351	116
352	117
352	118
352	119
353	120
354	121
354	122
355	123
355	124
355	125
355	126
355	127
354	128
353	129
351	131
349	133
344	137
339	140
334	144
325	150
316	155
305	161
292	167
280	172
267	177
252	182
238	186
222	191
203	196
181	200
159	202
141	205
123	206
109	206
96	208
88	208
82	208
78	207
76	206
75	205
75	204
74	204
73	203
72	203
71	203
70	203
70	202
69	202
69	201
68	200
68	199
68	197
69	194
70	190
72	187
76	183
80	178
85	173
90	167
94	162
97	159
98	157
98	156
99	155
99	154
99	153
100	153
101	153
102	153
103	153
CLICK
13.341664
139	180
144	182
149	186
154	189
159	191
162	195
166	198
169	200
172	204
175	207
177	209
180	212
184	214
187	216
189	217
191	218
192	219
193	220
194	221
195	221
196	221
196	222
197	223
198	224
199	225
199	226
200	226
200	227
201	227
202	227
CLICK
19.849433
206	234
206	235
207	236
207	237
208	238
208	240
208	241
208	243
208	244
208	246
207	248
206	251
205	254
204	256
202	259
200	263
199	266
197	268
195	271
193	275
189	278
184	284
178	289
174	294
170	299
165	305
160	310
156	314
153	317
150	319
149	321
147	322
147	323
146	324
145	325
144	325
143	325
CLICK
17.691806
145	325
148	324
153	320
159	315
164	309
170	302
175	295
181	286
188	275
192	264
197	255
198	247
200	239
201	230
202	224
203	219
203	215
203	214
203	212
203	210
203	207
203	204
203	200
202	197
201	192
200	189
199	186
198	183
197	178
194	173
192	168
189	163
187	158
184	153
182	148
180	145
178	142
176	138
174	135
172	131
171	129
169	127
168	126
166	125
165	124
163	122
162	121
161	120
160	119
160	118
159	117
158	117
157	116
157	114
156	111
156	107
155	104
155	101
154	98
153	94
152	91
150	88
149	84
148	81
147	79
146	77
145	75
144	74
143	72
142	71
142	69
141	68
140	66
139	65
138	64
136	62
135	62
134	61
133	59
131	58
129	57
127	56
125	55
124	55
124	54
123	53
122	52
121	52
120	51
119	50
118	50
118	49
117	48
116	47
115	46
114	45
114	44
CLICK
13.601471
141	38
155	38
173	36
191	34
210	33
231	31
253	29
273	28
291	28
309	28
327	32
342	36
356	41
371	46
385	49
398	52
407	57
415	60
424	63
429	65
434	67
439	71
444	73
447	74
449	75
450	76
451	76
452	76
453	77
454	78
455	79
456	79
457	79
458	80
459	81
459	82
461	82
463	83
465	84
466	84
468	85
471	86
475	86
479	87
484	87
487	87
490	87
493	87
494	87
495	87
496	87
497	88
498	89
499	89
501	90
503	91
504	92
506	93
507	94
508	95
509	96
510	97
511	97
517	135
517	139
517	143
518	146
518	150
518	152
519	152
519	153
519	154
519	155
515	157
508	161
499	167
486	175
471	185
455	197
435	210
416	220
399	230
384	240
369	250
356	258
343	264
334	272
323	280
312	286
302	292
292	298
287	302
282	306
277	310
272	314
266	318
261	322
256	324
253	327
248	330
246	332
242	335
240	336
240	337
238	337
234	339
232	341
229	343
225	346
222	347
220	351
218	353
216	355
215	356
214	357
213	357
217	352
226	339
240	322
258	300
282	267
308	233
333	196
354	164
371	136
386	115
396	102
402	93
406	87
408	83
410	79
410	78
409	78
407	80
405	83
403	86
402	88
400	90
399	92
399	93
398	93
397	94
396	95
396	96
CLICK
7.615773
395	96
394	96
390	96
384	96
376	96
368	94
359	93
351	92
342	90
334	89
325	86
319	83
314	81
309	78
300	75
293	73
288	70
280	67
273	63
264	60
255	57
247	54
240	52
231	49
223	46
219	45
215	44
210	43
206	43
202	43
199	43
196	43
193	43
191	43
188	43
186	43
182	44
179	44
176	45
171	46
168	47
165	48
160	49
154	51
147	52
142	53
138	54
133	54
130	55
127	55
125	55
122	55
118	55
117	55
116	55
115	55
114	54
113	53
112	52
111	50
111	49
110	48
108	44
107	42
106	40
106	37
105	35
105	33
105	32
105	31
105	30
109	29
119	27
131	22
145	19
160	16
174	12
188	11
201	9
213	8
225	8
235	8
247	8
261	8
273	10
284	11
294	11
302	13
311	14
319	16
326	17
330	18
335	19
339	20
343	23
346	24
348	25
349	26
350	26
351	26
352	26
353	27
354	28
355	29
356	30
357	31
359	33
360	35
363	37
365	40
367	42
371	43
374	46
377	47
381	48
384	49
386	50
389	51
391	52
395	53
398	54
401	55
405	57
408	58
411	59
413	60
414	60
415	60
416	60
CLICK
12.041595
452	63
466	63
480	62
494	62
507	61
519	61
529	61
535	61
544	62
552	64
560	65
569	67
578	70
584	71
589	72
592	74
595	75
599	78
601	80
604	81
606	83
607	84
608	85
609	85
610	86
611	87
611	88
611	89
611	90
611	91
611	92
611	93
608	96
604	98
601	101
598	104
594	106
591	109
587	110
587	111
584	112
580	113
576	114
571	115
563	116
554	118
540	118
522	119
502	121
481	121
459	121
434	120
408	118
382	117
360	115
338	113
316	110
302	108
287	105
277	100
268	96
263	93
259	90
256	88
253	84
249	82
246	80
244	78
240	77
237	76
235	73
233	72
231	70
227	69
225	67
224	65
222	63
221	59
220	56
219	53
217	50
213	46
211	43
209	41
205	38
204	36
202	35
202	34
201	34
200	33
199	32
198	31
197	31
197	30
196	30
195	29
194	29
193	29
192	29
191	28
190	28
189	28
188	28
187	28
186	28
185	28
184	29
179	54
177	67
176	77
176	89
176	97
176	107
176	118
178	128
181	138
182	147
184	157
185	164
186	170
187	175
189	180
190	183
191	186
192	189
193	193
194	196
195	199
196	203
197	205
198	207
199	209
200	210
201	210
202	211
203	212
204	213
204	214
205	215
206	215
207	216
208	216
209	216
210	216
211	216
212	216
213	216
214	216
215	216
216	216
217	215
218	215
219	215
220	215
221	215
CLICK
19.416488
246	189
256	178
269	168
278	159
287	151
294	144
298	141
300	137
302	134
303	132
305	130
306	128
307	126
307	125
307	124
308	123
308	122
308	120
309	120
309	118
309	117
309	116
309	115
CLICK
20.615528
264	160
258	166
253	171
248	175
243	178
239	180
236	181
233	182
229	183
227	184
225	185
224	185
223	186
222	186
221	186
CLICK
7.211103
220	190
220	194
220	199
220	205
220	213
220	223
220	235
220	247
220	259
220	271
220	282
218	294
216	303
214	309
212	314
211	319
209	323
207	327
206	331
204	335
202	338
201	340
200	342
199	343
198	345
197	346
196	347
195	348
194	348
193	349
193	350
192	351
190	352
188	355
184	356
182	358
180	361
178	362
176	364
174	365
173	366
173	367
CLICK
15.033296
181	349
190	334
199	318
207	299
218	280
229	257
241	234
254	214
262	195
272	176
279	158
286	143
290	130
293	120
298	111
301	102
304	94
305	87
306	83
307	78
308	75
309	71
310	69
310	67
311	65
312	65
312	64
313	63
314	62
315	61
316	60
317	58
318	56
318	55
319	55
320	53
321	52
322	51
323	50
324	49
326	48
328	46
330	45
333	44
336	42
340	40
343	39
346	37
350	36
352	35
355	34
358	32
363	31
368	28
373	26
376	25
380	23
382	22
382	21
382	20
383	20
CLICK
11.661904
335	98
329	110
322	125
314	138
308	151
302	162
297	170
293	179
289	188
284	195
280	204
274	213
269	224
265	233
260	243
256	252
251	261
249	268
248	272
246	277
245	280
244	284
243	287
242	290
241	292
241	294
240	295
240	297
240	298
240	299
240	300
240	301
240	303
239	305
239	306
239	308
238	310
238	311
238	312
238	313
238	314
CLICK
10.000000
255	313
267	311
279	310
295	308
314	306
332	305
349	305
367	303
383	303
395	303
408	304
418	305
426	306
435	308
442	311
447	313
452	315
456	317
459	318
463	319
466	320
467	321
469	322
471	323
474	324
477	325
481	326
485	327
494	329
498	330
502	331
505	332
506	333
507	334
509	336
510	338
511	340
512	343
513	346
514	348
515	350
516	352
516	353
517	354
CLICK
15.000000
515	362
514	365
512	370
511	375
510	383
510	391
510	397
510	404
511	410
513	415
514	418
515	422
515	423
515	424
516	425
516	426
517	427
CLICK
5.000000
517	425
517	423
517	420
516	418
515	414
514	414
513	412
513	410
513	409
512	406
512	403
512	400
512	396
510	393
510	390
510	389
509	386
508	385
507	384
506	383
506	382
506	381
505	380
505	378
504	376
503	374
502	371
501	368
500	366
499	364
498	363
497	362
497	361
496	360
496	359
CLICK
10.295630
495	369
495	372
495	375
495	377
495	380
495	383
495	387
494	390
493	393
492	395
491	397
489	398
486	399
478	401
466	402
448	404
426	404
396	404
363	404
325	403
293	403
268	403
250	401
234	399
221	396
213	393
208	391
204	390
202	389
201	389
200	388
198	388
193	388
189	388
185	388
182	389
181	389
180	389
179	390
178	390
177	390
176	390
175	389
174	388
173	387
173	386
172	385
172	384
172	383
171	382
171	381
CLICK
5.830952
172	377
178	368
184	359
190	346
197	331
202	317
207	302
208	288
210	274
210	264
210	256
210	244
209	233
208	225
205	216
202	208
199	199
195	192
191	185
186	176
184	171
180	166
178	161
176	156
175	152
174	147
173	142
172	138
171	134
170	130
168	127
167	123
166	120
165	117
164	115
163	113
163	111
162	109
162	108
161	107
161	106
160	105
159	104
159	103
158	103
158	102
157	101
157	100
156	99
156	98
155	97
CLICK
11.180340
156	124
159	125
164	124
173	118
184	110
197	100
210	90
223	80
232	73
241	67
250	61
256	57
261	53
268	49
273	46
278	44
281	43
284	42
285	42
286	42
287	42
288	41
281	54
259	108
227	176
226	178
225	171
219	162
216	153
215	153
215	152
216	152
217	152
218	151
219	150
220	149
221	148
223	147
224	146
226	144
227	141
229	138
230	134
232	131
235	128
236	126
237	125
237	124
238	123
239	122
240	122
241	121
242	121
243	121
244	121
245	121
246	121
247	121
248	120
249	120
250	119
251	119
252	119
253	119
254	119
255	119
256	119
258	120
259	120
260	120
261	120
262	120
263	120
264	120
265	120
267	120
268	119
271	117
274	114
278	111
281	109
283	108
286	104
289	101
292	98
294	95
296	94
297	94
298	93
299	93
300	92
301	92
CLICK
30.364453
268	136
261	146
253	153
244	162
235	172
225	181
218	190
212	195
208	201
204	206
203	207
203	208
203	209
203	210
203	211
203	212
203	213
203	214
203	215
204	216
205	216
206	216
207	216
208	216
209	216
210	217
210	218
211	218
215	229
215	230
215	231
215	232
215	233
214	235
213	237
212	238
211	239
211	240
210	241
210	242
CLICK
4.472136
250	241
266	241
282	241
300	241
318	241
338	241
356	243
378	245
400	248
424	254
452	260
476	265
496	268
510	273
523	275
529	276
538	277
542	279
547	280
552	281
556	282
559	283
563	283
565	284
566	285
566	286
568	286
569	287
572	288
577	289
580	290
583	292
587	293
589	294
592	295
593	296
594	296
594	297
594	298
594	300
595	301
596	304
597	306
598	307
599	307
600	308
CLICK
16.552945
504	287
457	282
414	275
379	268
351	262
327	257
307	252
290	248
276	245
264	242
253	237
244	233
235	230
227	227
218	224
211	222
208	221
206	218
202	217
200	214
198	212
196	210
193	207
190	204
188	202
187	201
185	200
184	198
184	197
183	196
181	195
180	195
179	194
178	193
177	192
177	191
176	190
175	189
174	189
174	188
174	187
CLICK
16.278821
255	168
279	163
308	154
341	146
369	137
394	130
414	125
433	121
447	118
461	117
475	115
490	114
502	112
510	111
513	109
515	109
516	109
517	109
518	109
518	108
519	108
520	108
521	108
522	108
CLICK
17.204651
545	128
551	131
558	134
563	136
570	139
575	142
582	144
586	145
593	148
598	149
602	150
607	152
610	153
614	154
617	155
620	156
622	157
624	157
625	157
626	157
627	157
628	157
628	156
CLICK
13.341664
608	188
602	201
595	215
589	228
582	243
576	256
570	268
563	281
557	290
553	299
548	308
546	315
544	321
543	326
542	330
541	335
540	340
539	344
537	349
536	352
535	355
534	359
534	361
534	363
534	365
534	367
534	368
534	370
534	372
534	373
534	375
535	377
536	379
536	380
537	382
537	383
538	386
539	388
539	391
539	394
539	397
539	401
539	404
539	408
539	413
538	416
537	420
536	423
536	426
536	428
535	429
535	430
CLICK
13.000000
499	404
485	398
466	391
440	386
412	380
385	374
356	365
324	359
292	350
255	341
228	335
204	330
183	325
165	320
147	315
128	310
114	305
99	300
87	295
78	292
71	288
66	284
63	282
62	280
61	278
59	276
58	273
57	269
56	266
55	263
55	260
54	256
54	253
54	250
54	248
55	245
55	241
55	238
55	236
55	234
56	232
56	230
56	228
56	226
56	225
55	224
54	222
53	220
53	219
52	217
51	217
50	216
49	215
48	214
47	213
47	212
46	211
45	211
44	211
43	210
42	209
40	208
37	207
34	206
31	205
29	205
27	204
26	204
25	203
24	202
23	202
22	202
CLICK
21.931712
35	202
43	204
53	204
67	205
81	207
96	212
109	217
121	223
134	231
147	241
160	250
171	260
181	268
188	275
197	284
205	294
213	303
216	308
220	313
221	316
222	319
222	320
223	321
223	323
224	324
224	325
225	327
225	328
225	329
226	331
226	332
227	333
228	333
229	334
229	335
230	336
231	337
232	338
233	339
234	339
CLICK
17.464249
260	352
268	353
279	355
289	355
299	355
311	355
325	355
339	354
353	354
365	353
375	351
388	350
400	348
410	347
421	345
429	344
434	342
438	342
441	342
445	342
448	342
451	342
454	342
455	342
456	342
457	342
458	342
459	342
460	342
461	342
462	342
463	342
464	342
CLICK
21.095023
477	340
477	341
477	342
477	344
477	345
477	347
477	348
476	348
475	348
474	348
470	346
461	340
446	331
431	325
413	318
387	311
366	306
348	301
334	297
323	294
315	293
310	290
305	288
301	286
298	283
295	281
291	279
288	277
285	275
281	272
279	271
277	270
276	269
275	269
274	267
272	265
270	262
268	261
266	260
265	259
264	259
264	258
263	257
262	256
261	256
261	255
CLICK
13.038405
259	270
251	270
241	269
229	267
217	266
203	266
189	264
176	262
164	259
151	255
139	251
127	250
116	248
108	247
100	247
93	246
90	246
87	245
86	244
85	244
84	243
83	242
82	242
82	241
81	240
80	240
79	239
77	237
77	234
77	232
77	230
77	228
77	224
77	221
78	218
80	216
81	213
84	209
85	206
86	205
87	204
88	204
89	204
90	204
CLICK
12.529964
95	208
96	203
99	193
104	178
109	164
112	149
115	135
118	122
120	114
121	106
122	99
124	96
125	93
125	92
125	91
127	89
128	88
130	86
131	84
133	82
134	81
135	80
136	79
137	79
138	78
CLICK
10.000000
108	125
105	126
100	129
95	130
91	131
86	131
83	131
80	131
76	130
73	128
70	125
66	122
64	120
62	119
60	115
58	113
57	111
56	109
55	108
54	107
53	106
52	103
51	101
50	100
49	99
48	98
48	97
47	95
46	93
45	92
45	91
44	90
43	89
42	88
41	87
41	86
40	86
40	85
CLICK
5.000000
64	118
68	121
71	125
77	130
80	134
86	139
89	144
95	150
99	157
103	162
105	167
107	174
107	180
108	188
110	199
110	207
110	215
109	223
108	232
105	240
102	247
100	254
98	258
97	265
94	272
93	278
91	283
89	290
87	297
85	301
83	308
81	314
79	321
76	328
75	333
74	337
74	340
73	344
73	347
73	350
73	353
71	357
71	360
71	363
71	366
71	368
71	371
71	375
72	378
72	380
72	381
72	382
72	385
72	388
72	392
72	395
72	398
72	400
72	402
72	403
72	404
73	405
74	405
CLICK
15.132746
78	394
78	387
77	378
76	372
75	365
73	361
72	354
71	349
70	345
69	340
67	336
66	331
65	326
64	320
61	315
60	310
59	306
57	301
55	296
53	291
52	288
51	283
50	280
49	278
48	276
46	274
45	272
45	271
44	269
43	266
42	264
41	262
40	261
39	259
38	257
37	256
36	254
35	252
34	251
33	250
33	249
32	249
31	248
31	247
30	246
30	245
30	244
CLICK
7.071068
84	231
105	224
136	211
175	192
214	172
255	157
294	140
332	124
375	103
414	87
444	74
469	66
487	61
500	59
510	55
519	53
525	52
529	51
530	51
530	50
531	50
532	50
533	50
534	51
535	52
536	53
539	54
539	55
540	57
541	58
543	61
545	64
549	68
551	71
555	76
558	80
561	83
563	88
567	93
568	98
570	103
572	106
574	109
575	113
576	115
577	118
578	119
579	120
580	120
580	121
580	122
580	123
581	123
CLICK
20.223748
570	150
566	161
561	171
556	184
550	197
544	211
535	226
527	239
519	252
513	263
505	272
498	281
492	288
487	294
483	299
479	303
476	306
472	310
468	315
466	318
463	322
460	325
459	327
458	329
457	330
457	331
457	332
456	332
456	333
455	334
454	335
452	338
451	341
450	345
449	348
448	350
447	351
446	352
445	353
445	354
444	355
444	356
444	357
CLICK
20.808652
395	374
373	381
355	386
335	391
318	396
304	399
290	402
277	405
267	407
259	408
250	409
242	412
233	414
225	415
216	418
208	419
203	421
198	423
193	424
190	425
187	426
182	428
178	429
174	430
171	431
168	432
164	433
162	434
161	434
161	435
160	435
159	435
158	435
157	436
156	437
153	438
150	439
149	440
148	440
146	441
145	441
144	441
142	440
140	439
138	438
136	437
134	435
132	434
130	432
129	432
128	431
127	431
127	430
CLICK
9.219544
143	393
150	375
158	356
166	332
174	314
181	293
186	275
192	260
197	246
202	233
203	223
206	214
208	206
209	197
211	189
212	180
213	170
215	160
216	151
218	145
219	140
220	136
221	131
222	128
223	123
224	118
226	114
227	107
228	101
230	94
231	88
232	84
232	80
232	77
232	75
232	72
231	70
231	69
230	68
229	67
228	65
227	64
226	63
226	61
224	59
223	57
222	54
219	52
218	50
216	49
215	48
214	47
213	46
213	45
212	45
211	44
210	43
209	42
207	41
204	40
202	39
200	38
196	36
193	35
191	32
188	31
187	30
186	30
185	29
184	28
CLICK
18.601075
187	56
191	65
198	76
204	89
210	101
218	114
228	127
238	138
247	148
254	155
264	164
273	170
282	176
289	182
294	186
299	190
304	193
309	195
313	196
316	197
319	198
323	199
326	200
329	200
332	200
334	200
337	200
341	200
344	199
347	198
351	197
354	196
357	195
362	192
367	189
372	186
377	182
381	180
383	179
384	178
384	177
385	177
385	176
CLICK
3.605551
362	247
360	253
359	260
358	268
356	275
355	281
354	288
353	291
352	296
350	300
349	305
348	310
347	314
346	318
345	321
345	324
344	327
344	331
342	334
341	337
341	339
340	342
339	346
338	349
337	352
335	356
334	360
332	365
330	370
329	373
327	376
326	380
324	382
324	383
323	384
322	385
321	386
319	389
318	391
316	393
315	395
314	396
312	397
309	399
304	400
299	403
291	404
279	406
264	407
247	407
229	407
209	405
186	402
162	396
142	391
121	384
104	377
90	373
75	368
63	363
50	358
38	354
27	349
18	343
13	338
9	334
7	331
3	327
1	324
0	272
3	269
6	268
9	267
12	266
15	265
17	265
19	264
20	264
21	264
22	264
23	265
25	266
26	266
27	267
28	268
CLICK
8.062258
33	272
37	272
49	269
62	263
79	256
97	250
116	243
140	234
165	224
192	211
223	196
255	178
283	160
303	150
319	141
334	133
345	129
350	125
355	121
359	119
359	118
360	117
361	116
362	115
362	114
363	113
364	113
364	112
364	111
364	110
365	107
366	105
368	103
369	100
370	96
371	93
371	90
371	88
371	86
370	84
369	83
367	82
365	81
364	80
363	79
362	79
361	79
361	78
360	78
359	78
358	78
357	78
356	78
355	78
354	78
353	78
352	79
CLICK
11.180340
394	112
403	118
412	125
421	132
430	138
443	145
452	151
463	157
474	163
483	169
492	173
500	178
506	182
511	184
514	188
517	189
519	190
520	191
521	192
523	192
524	193
525	194
526	195
526	196
527	196
528	196
528	197
521	201
506	210
485	221
457	235
426	251
403	262
385	271
368	279
353	286
339	291
326	295
316	298
307	300
301	301
292	302
284	304
275	305
267	307
261	308
256	309
253	310
249	311
247	312
245	313
244	313
243	313
242	313
240	313
237	313
234	313
229	314
224	316
220	317
216	318
212	319
207	320
204	321
201	321
197	322
193	322
188	323
184	325
177	326
173	327
168	328
165	329
161	330
160	331
159	331
CLICK
6.403124
221	336
230	337
236	339
240	340
243	342
244	345
245	349
246	353
247	358
247	362
247	367
249	372
249	376
249	381
249	384
249	387
249	390
249	392
249	393
250	394
250	395
251	395
252	396
253	397
255	398
256	399
256	400
257	401
257	402
258	402
259	402
CLICK
12.529964
289	391
303	383
322	373
342	362
360	354
379	345
397	337
418	330
437	322
453	315
470	308
484	302
494	296
503	290
510	286
515	282
520	278
522	276
524	275
525	274
526	273
527	272
528	272
528	271
529	270
530	270
531	269
532	268
533	267
534	267
535	267
537	267
540	267
544	268
547	269
550	272
554	274
556	275
559	278
560	280
562	282
563	286
564	288
565	290
567	292
567	293
568	294
569	295
569	296
565	297
557	299
548	301
538	303
529	306
521	307
512	309
500	310
490	310
482	310
472	310
463	307
456	305
452	304
448	303
445	302
444	301
442	300
442	299
441	299
440	299
448	321
449	322
450	323
451	324
CLICK
4.472136
439	308
438	304
437	299
436	295
435	291
434	287
433	282
433	278
433	273
433	269
433	264
433	258
433	252
433	247
433	243
433	238
433	234
433	229
433	225
433	222
433	220
433	217
433	213
433	212
433	211
433	210
433	209
CLICK
21.954498
430	208
428	207
426	206
424	205
421	204
419	203
417	202
416	201
415	200
414	199
413	199
412	199
412	198
410	198
407	200
399	204
391	208
378	213
365	219
353	226
338	230
323	237
309	242
294	247
280	250
266	253
249	256
233	260
219	261
205	263
191	264
178	266
166	267
154	269
144	270
135	273
123	276
114	279
105	282
99	283
94	285
89	286
86	287
83	288
82	289
81	289
80	291
79	293
78	296
77	299
75	303
74	306
71	311
69	316
68	319
65	322
64	327
63	329
62	332
61	336
60	339
59	341
58	344
57	348
56	351
55	354
54	356
53	357
53	358
CLICK
12.806248
74	334
87	323
102	309
117	298
132	288
145	278
156	270
167	264
176	258
185	252
192	246
197	242
201	239
204	238
205	236
206	235
209	232
212	229
216	226
221	222
225	219
230	215
235	211
237	209
238	207
239	206
240	205
241	204
241	203
242	202
241	202
240	203
238	203
235	204
232	205
230	206
226	207
225	208
224	208
223	208
222	208
221	209
CLICK
11.401754
216	203
214	198
212	189
208	181
205	172
202	163
199	155
198	148
197	142
195	135
195	129
195	121
194	112
194	104
194	100
193	94
192	89
190	84
189	81
188	78
187	74
186	72
185	70
184	68
183	66
182	65
181	65
181	64
180	63
179	62
178	62
177	61
176	61
175	60
174	59
173	58
171	57
169	54
166	51
163	48
161	44
158	39
157	35
155	30
153	23
152	19
151	15
151	14
150	14
150	13
CLICK
9.219544
139	105
140	110
141	118
142	123
145	130
148	135
150	140
154	145
157	148
160	152
163	155
167	160
171	166
174	169
180	175
185	180
191	185
195	191
200	196
205	201
211	205
214	209
218	212
221	216
222	219
223	222
224	224
225	228
226	230
227	231
228	233
228	234
228	235
228	236
228	237
224	238
222	238
218	238
215	238
212	238
209	237
205	234
200	231
195	227
190	224
185	220
182	218
178	217
177	217
177	219
178	221
179	223
179	224
180	225
180	226
171	220
164	214
155	210
145	205
136	199
129	195
123	191
118	187
115	184
112	180
110	177
108	175
107	171
105	169
104	167
102	164
99	161
97	157
95	154
93	150
90	148
90	147
89	147
88	147
88	146
CLICK
14.317821
93	201
96	211
97	224
99	236
102	245
104	253
106	260
107	264
108	269
109	274
110	278
110	283
110	287
110	292
110	296
110	301
110	305
110	310
110	313
110	316
110	319
110	324
110	327
110	331
110	336
110	340
110	345
109	350
108	354
107	358
107	360
107	361
107	362
107	363
107	364
107	366
107	368
108	372
CLICK
19.313208
112	374
120	366
129	355
141	340
153	325
163	310
171	297
177	284
182	272
185	261
188	253
189	244
192	235
193	227
195	219
196	210
198	202
199	197
199	193
199	189
199	186
199	183
199	181
200	180
200	179
200	178
CLICK
23.430749
259	185
277	185
297	185
315	183
333	183
353	183
371	183
389	181
407	180
423	178
437	178
449	177
459	177
465	177
470	177
472	177
473	177
474	177
476	177
477	177
478	177
479	177
481	176
483	175
486	174
488	173
489	172
490	172
492	171
493	171
494	170
496	169
497	169
498	168
499	168
497	172
485	174
471	174
456	175
439	175
423	175
408	175
398	173
390	172
386	171
383	168
380	166
376	165
374	164
371	162
368	161
364	158
361	157
358	155
357	154
356	153
355	153
354	152
353	152
353	151
352	150
351	150
350	150
347	150
343	150
339	150
335	150
330	151
326	152
321	154
316	155
313	157
310	158
306	160
303	161
302	162
CLICK
10.440307
319	167
329	167
339	167
351	167
365	167
381	167
399	165
415	163
430	162
442	160
454	160
464	160
472	160
480	160
485	160
489	160
492	160
494	160
496	160
497	160
498	159
499	158
500	157
502	156
505	155
508	154
512	153
512	152
513	151
513	150
514	150
CLICK
12.206556
510	197
506	206
504	211
503	214
503	216
503	217
501	217
493	217
485	217
477	219
468	220
458	222
446	223
435	225
425	226
419	226
408	228
400	229
390	231
379	232
367	234
353	238
338	243
324	248
309	253
295	258
286	261
277	265
268	269
259	274
251	277
242	280
233	283
227	285
220	288
211	292
204	295
195	300
189	302
184	305
180	308
177	309
174	310
172	311
167	314
164	315
159	317
154	320
147	324
138	328
131	333
126	336
120	340
117	343
114	345
110	346
106	347
103	348
98	349
95	350
91	350
91	351
89	351
87	352
86	353
84	353
83	354
82	355
CLICK
24.186773
78	352
74	351
70	350
65	349
62	348
60	347
59	346
58	345
58	344
58	343
58	342
92	288
102	274
115	251
128	225
146	193
157	170
169	147
182	127
192	107
200	92
207	80
211	71
212	67
213	65
214	65
214	64
215	63
CLICK
14.866069
278	75
291	77
301	78
313	83
324	88
333	92
342	96
353	101
365	106
374	110
383	113
389	116
393	117
398	119
401	120
404	121
409	123
412	125
415	126
420	128
427	130
433	131
438	132
441	133
444	134
447	135
426	138
418	138
410	138
401	139
393	139
387	140
382	140
380	140
378	140
377	140
376	140
CLICK
6.708204
399	169
405	177
409	185
415	194
421	203
427	214
435	225
445	238
453	249
459	258
465	266
470	271
476	276
481	280
484	284
488	287
490	288
491	289
492	291
495	292
498	294
502	296
505	297
508	298
511	298
515	299
518	300
521	300
524	301
528	302
530	302
533	303
536	303
539	304
543	305
547	305
551	307
555	307
559	307
564	308
569	309
572	310
575	310
579	311
582	312
586	313
595	313
599	314
604	316
608	316
612	317
614	317
615	317
CLICK
9.848858
615	315
613	307
609	296
608	284
606	270
605	254
603	236
602	222
602	208
600	193
600	181
601	169
602	159
602	147
602	137
602	129
602	120
602	112
602	104
603	96
605	87
606	79
607	72
609	66
610	61
611	57
611	53
612	51
612	50
612	49
612	48
613	47
613	46
613	45
613	44
613	43
613	42
613	41
613	40
613	39
613	36
612	35
611	34
610	32
610	31
609	29
608	28
607	28
606	27
605	26
604	25
604	24
603	24
CLICK
21.213203
551	61
536	71
521	83
506	93
491	101
477	109
462	116
449	122
438	128
426	135
415	141
402	147
389	154
376	160
364	165
351	169
342	174
334	178
328	182
324	183
319	184
314	186
311	187
308	188
303	189
299	190
292	191
287	193
283	194
280	195
275	196
272	197
268	198
265	199
263	201
260	203
259	203
256	204
253	205
250	206
CLICK
23.021729
266	192
275	186
285	180
296	174
305	169
312	165
317	161
322	160
327	158
332	154
336	153
339	150
341	149
342	148
344	148
345	147
345	146
CLICK
17.117243
368	146
380	145
392	144
406	142
418	142
431	141
439	141
447	141
455	141
463	141
468	141
474	141
480	141
485	141
489	141
494	141
497	141
500	141
503	141
506	141
510	141
513	141
514	141
517	141
519	141
522	141
525	141
528	141
529	141
531	141
533	141
535	141
536	141
537	142
538	142
539	142
540	142
541	142
542	143
543	144
543	145
544	145
545	146
546	147
547	147
548	148
549	149
549	150
550	151
552	152
553	153
555	154
556	154
557	154
558	155
561	157
562	158
563	159
CLICK
24.020824
561	161
552	164
540	168
525	173
513	176
502	179
493	182
489	183
484	185
479	186
476	187
473	187
470	187
467	187
463	187
460	187
456	187
451	187
445	187
437	187
425	187
409	189
395	190
377	193
359	195
341	197
323	197
303	196
283	194
264	189
248	184
235	180
223	175
212	170
203	164
196	159
189	154
184	150
180	145
174	141
172	138
169	135
167	131
165	128
164	125
163	120
162	117
161	113
160	110
159	108
158	107
158	106
158	105
158	104
158	103
158	102
158	101
158	100
157	99
157	98
156	97
156	96
156	95
155	95
155	94
150	93
147	92
143	91
139	90
136	89
133	88
129	87
129	86
128	86
128	85
128	84
CLICK
26.907248
129	83
130	83
133	84
138	85
144	86
151	88
157	90
164	92
173	95
181	96
192	99
202	102
211	106
220	111
229	117
234	122
239	126
243	130
248	134
251	136
256	138
260	141
263	142
266	143
268	145
272	147
274	148
277	152
281	155
284	159
289	161
292	163
296	165
299	169
301	171
304	174
306	178
307	181
309	183
310	187
312	188
316	190
318	192
321	193
324	195
327	196
329	197
331	198
333	199
334	200
335	201
337	202
338	203
340	204
342	205
346	206
348	207
351	208
353	209
354	210
355	210
CLICK
17.804494
323	239
314	247
304	256
293	264
280	274
271	282
260	290
251	296
244	301
235	307
226	312
219	316
212	319
207	321
203	322
198	324
193	325
187	326
182	327
177	330
173	331
166	334
161	336
158	337
154	338
151	339
148	340
145	341
141	343
137	344
130	345
124	346
115	348
107	349
98	351
92	352
83	353
77	356
70	357
CLICK
10.630146
39	370
44	370
48	370
54	370
63	370
71	370
83	371
93	373
104	374
112	376
121	379
129	382
138	386
147	390
156	396
165	401
174	405
179	409
184	413
188	415
191	418
193	419
194	420
195	420
196	420
197	421
198	422
199	422
201	422
204	423
206	423
208	423
209	423
210	423
211	423
213	423
216	423
219	423
223	423
228	423
233	422
236	421
241	420
244	419
248	417
257	416
265	415
276	413
284	412
292	410
301	410
309	409
317	409
322	409
326	409
329	409
333	409
336	410
339	411
342	411
346	411
349	411
352	411
355	411
359	410
363	409
370	406
379	403
388	399
396	395
407	390
418	385
427	381
437	376
446	372
459	367
470	363
478	360
487	355
496	351
505	348
510	344
513	343
516	342
518	341
519	340
521	340
522	339
524	339
525	338
527	338
529	338
531	339
533	340
535	341
539	344
542	346
547	348
552	352
557	355
562	357
567	361
572	363
577	366
580	367
584	368
586	369
588	370
589	370
590	370
586	369
571	359
547	348
508	328
466	311
419	293
381	276
361	263
344	253
329	243
314	233
301	224
286	214
273	202
262	193
253	183
245	172
239	165
233	158
229	149
226	142
225	134
223	127
223	123
223	118
223	114
224	108
225	103
226	97
229	92
230	88
231	85
233	82
237	78
240	75
243	72
245	70
248	68
249	66
249	65
250	64
251	64
252	63
253	62
254	61
255	60
256	59
259	58
261	57
264	56
267	55
269	54
271	54
272	53
275	53
277	53
280	54
284	55
287	58
290	60
292	61
294	63
295	64
CLICK
22.803509
283	114
282	117
280	120
279	124
278	127
277	130
275	134
274	137
273	140
272	143
270	147
269	150
268	153
267	155
266	156
265	157
264	158
263	159
262	160
262	161
261	162
260	163
260	164
259	165
259	166
258	167
257	168
255	172
253	174
251	176
247	179
244	183
239	187
233	191
228	195
223	199
216	203
210	208
205	212
200	218
196	221
193	224
190	227
189	229
187	233
188	234
189	235
190	236
191	236
192	237
CLICK
20.099751
229	253
235	255
243	255
252	256
260	256
268	256
276	257
285	257
293	259
301	260
313	260
322	262
332	263
341	265
345	266
350	267
354	268
358	269
362	270
366	271
370	273
375	274
378	275
381	276
382	277
383	278
385	278
386	278
387	278
388	279
388	280
389	281
391	282
393	283
395	284
396	285
398	286
399	287
400	288
401	288
401	289
404	290
406	291
410	292
413	293
416	295
420	296
423	297
426	298
429	299
431	300
435	301
438	301
441	302
445	303
448	303
450	304
452	305
453	306
455	307
456	308
457	309
458	310
459	310
460	310
463	311
465	312
466	313
468	313
469	314
470	314
471	314
CLICK
18.867962
473	314
477	313
484	312
492	310
503	309
513	307
521	306
527	306
531	306
533	306
534	306
CLICK
18.601075
530	305
521	305
509	305
497	305
483	304
467	303
449	301
429	298
403	292
374	284
342	275
314	269
286	264
251	259
224	255
199	253
177	253
159	252
143	250
130	247
122	246
115	243
106	240
97	236
89	231
78	228
69	225
61	224
56	223
53	222
51	221
50	220
49	219
49	218
48	218
47	217
45	216
42	215
38	214
35	213
33	212
32	211
31	211
30	211
CLICK
21.213203
40	217
44	218
47	219
50	220
54	221
57	222
60	224
65	225
69	226
76	227
81	230
87	231
92	233
99	236
104	237
107	238
110	239
114	241
116	242
117	242
118	242
CLICK
9.000000
114	264
112	267
111	271
110	274
109	275
108	276
CLICK
8.602325
120	281
124	282
131	283
139	285
148	286
155	289
163	292
174	296
185	301
197	306
210	310
222	315
237	320
251	325
264	328
275	332
283	334
291	335
300	337
306	338
311	338
315	338
320	338
324	338
329	339
337	339
342	340
346	340
351	341
354	341
359	342
363	342
366	342
368	342
370	342
372	342
374	344
377	344
380	344
384	344
386	345
389	345
391	346
393	346
394	346
395	346
395	347
396	348
397	349
398	350
399	351
400	352
401	352
402	353
403	353
404	354
405	355
407	356
409	357
412	358
415	359
419	360
422	361
425	362
428	362
433	364
437	364
442	364
446	364
451	364
457	364
463	364
471	364
476	365
481	366
484	366
486	366
CLICK
18.601075
486	367
486	368
486	370
486	374
486	377
486	380
486	382
486	385
486	388
487	393
488	398
490	403
491	406
492	409
493	413
494	415
495	415
496	416
497	417
498	418
499	419
501	420
501	421
502	422
504	423
506	424
507	425
509	426
511	427
512	428
513	429
515	430
516	431
516	432
517	432
518	432
CLICK
12.083046
535	404
543	393
553	380
561	367
569	356
575	347
581	340
586	335
589	331
593	328
594	327
595	325
596	324
597	322
598	320
599	318
600	317
601	315
602	314
602	313
CLICK
17.492856
597	320
596	321
595	322
594	322
594	323
593	324
592	325
591	326
590	327
589	327
588	328
587	328
583	328
579	328
571	328
563	327
555	326
543	326
532	324
520	323
508	321
495	316
482	312
470	307
461	303
450	298
440	293
431	289
422	285
413	280
402	276
394	273
385	270
376	267
371	263
362	259
355	254
346	248
337	244
330	240
325	236
318	232
309	226
300	218
291	210
282	203
270	193
257	183
243	177
230	170
217	166
207	161
198	157
193	153
188	149
182	143
177	140
170	134
161	128
152	122
143	117
134	113
129	109
124	108
119	105
116	102
112	100
109	96
105	93
102	89
96	84
93	79
89	75
86	72
82	68
79	65
76	61
73	58
71	55
67	51
65	48
62	44
60	41
58	38
56	34
55	32
53	30
52	28
51	26
50	25
49	24
48	23
47	23
47	22
46	21
45	20
44	19
44	18
43	18
43	17
42	17
42	16
41	16
CLICK
18.601075
53	34
61	43
70	52
80	60
89	69
98	77
109	86
117	98
123	108
131	121
138	134
144	147
151	160
155	172
160	185
166	197
168	210
169	220
169	230
169	242
167	251
163	262
160	270
157	281
156	289
154	299
153	312
151	324
150	334
148	343
147	351
145	359
144	368
143	373
142	376
142	378
141	379
141	381
141	383
141	387
141	390
141	392
141	394
140	396
140	397
140	398
140	399
140	400
140	401
140	402
CLICK
7.000000
183	364
206	341
231	322
252	307
272	296
288	290
307	283
323	278
342	271
358	266
376	261
393	256
411	251
425	250
439	248
454	247
468	245
480	244
490	244
498	244
504	244
508	244
510	245
513	246
516	247
521	249
526	252
531	253
534	254
537	255
539	256
543	256
546	257
549	257
552	257
553	257
554	257
CLICK
14.142136
530	202
526	194
523	185
519	180
518	175
517	170
516	166
516	161
515	157
515	152
513	146
512	140
509	133
506	124
504	115
501	107
498	100
497	95
496	89
494	84
493	80
492	75
491	70
490	67
490	64
490	61
489	57
489	54
489	50
489	45
488	41
488	36
488	33
488	30
488	29
488	28
487	28
487	27
446	117
440	128
434	137
428	148
421	161
415	174
409	187
402	197
396	208
392	217
386	224
380	232
373	239
364	245
353	251
340	256
326	261
313	265
299	269
286	272
276	275
268	276
261	276
257	276
252	276
248	276
243	275
238	274
234	274
229	273
225	273
220	273
214	273
208	273
202	273
198	273
192	273
185	273
179	273
170	274
164	276
157	277
151	278
146	281
141	282
136	284
133	285
130	286
127	288
123	289
120	291
116	294
113	298
109	301
106	305
104	308
100	310
99	312
96	316
94	317
CLICK
17.888544
90	400
92	407
93	411
95	416
97	421
98	424
99	427
100	428
100	429
101	429
158	428
170	427
182	425
196	424
212	424
226	422
238	422
247	422
251	422
256	424
259	425
260	425
259	424
257	423
255	423
255	422
253	422
252	422
251	422
250	421
247	420
244	419
241	419
237	418
236	418
234	418
224	416
221	416
219	416
217	416
216	416
215	416
214	416
313	331
351	285
397	231
450	172
503	113
553	51
590	9
599	1
586	7
571	17
554	29
535	41
520	51
505	61
496	67
491	71
487	74
484	76
482	77
481	77
CLICK
18.357560
447	60
434	55
424	52
415	49
410	48
407	47
404	47
402	46
399	46
397	45
393	45
391	44
388	44
385	43
380	42
376	42
368	40
360	40
348	39
337	37
327	36
319	34
310	34
302	33
294	32
289	32
284	30
281	29
278	28
277	27
275	26
274	26
273	26
272	25
271	25
270	25
269	25
267	27
266	28
265	28
264	30
263	34
263	36
261	40
260	43
259	46
259	49
259	54
258	57
258	60
258	65
258	69
258	74
257	80
257	88
257	100
257	114
259	129
262	143
267	157
272	172
278	185
285	197
376	318
378	321
381	324
385	327
388	329
391	330
395	331
398	331
400	332
401	332
402	332
404	332
408	332
410	332
411	331
411	330
412	330
412	328
414	324
415	321
418	318
421	313
426	304
430	293
435	281
437	265
437	251
437	235
437	219
437	207
438	193
441	182
443	174
444	169
445	164
446	161
446	158
447	155
448	151
448	149
449	146
451	143
452	139
453	136
453	134
454	132
455	131
455	129
456	126
457	123
457	122
458	120
458	117
459	115
460	113
461	108
463	103
465	99
466	94
467	89
467	85
467	80
467	77
467	76
467	75
467	74
467	73
468	72
470	71
472	71
CLICK
18.681542
490	151
490	156
490	161
490	169
490	175
490	181
489	186
487	191
486	195
485	200
484	203
482	208
480	211
478	216
476	219
473	224
471	229
469	234
467	239
466	243
465	247
464	250
463	252
462	253
461	255
460	257
458	259
455	261
450	263
445	266
438	269
429	272
421	273
413	274
400	276
388	276
378	275
365	271
355	264
347	259
342	253
338	250
336	246
335	244
334	242
333	240
332	238
331	236
330	233
329	231
328	228
327	224
326	222
326	219
325	217
324	215
323	213
323	212
323	211
323	210
CLICK
14.142136
323	209
323	208
321	207
320	207
319	206
318	206
317	206
314	207
310	208
307	209
304	211
299	215
294	219
288	223
283	227
278	231
272	236
264	240
255	246
244	254
233	260
223	270
214	277
203	287
192	297
181	306
172	314
166	319
161	325
155	329
150	334
145	339
139	343
134	347
129	351
124	355
117	359
110	363
105	367
100	370
95	372
90	373
85	375
81	376
76	377
71	378
67	379
65	380
64	380
63	380
62	380
61	380
59	380
57	380
56	380
55	380
54	380
53	380
53	379
53	378
CLICK
13.601471
110	377
121	379
133	382
148	387
160	392
167	397
174	408
178	421
183	439
597	161
553	184
506	207
455	231
407	261
360	305
326	335
325	335
324	338
324	333
324	332
324	328
324	325
325	320
331	315
340	306
353	296
366	288
381	278
396	268
415	258
430	248
449	237
463	231
478	223
493	216
502	212
509	208
514	204
516	203
517	202
517	201
518	198
519	193
521	190
522	185
524	179
525	172
528	164
529	157
530	151
532	144
533	140
534	135
535	132
536	130
536	129
536	128
537	128
536	131
535	134
534	137
533	142
530	147
529	151
525	158
519	167
513	177
505	186
496	193
485	200
472	206
460	211
447	215
433	219
421	220
411	220
402	220
396	220
393	220
388	219
385	217
382	214
379	212
379	211
378	211
377	210
376	209
375	208
375	207
374	207
374	206
374	205
373	205
371	205
370	205
328	210
323	210
318	208
314	207
310	206
307	205
306	204
305	203
305	202
304	201
303	201
CLICK
11.180340
303	203
304	204
305	204
305	205
306	205
308	205
311	205
316	205
325	202
335	197
348	193
362	186
377	178
392	171
405	165
411	162
415	161
412	161
410	164
408	167
405	169
402	172
399	176
394	180
389	182
384	183
379	186
376	187
373	188
369	189
367	189
367	190
366	191
365	192
364	192
363	193
362	194
361	194
361	195
360	196
359	197
358	198
357	198
356	199
352	200
349	201
346	202
342	203
339	204
335	205
330	206
327	207
322	209
317	210
314	211
311	212
307	213
304	214
301	215
298	217
293	221
287	225
282	229
277	233
270	237
263	241
258	245
251	249
246	253
241	256
237	258
232	260
229	262
226	263
222	265
219	266
216	268
212	269
209	270
207	271
205	272
203	274
201	275
200	275
197	277
194	280
192	282
188	285
185	289
181	292
179	294
177	295
175	296
174	297
172	298
171	299
171	300
170	302
169	303
167	303
163	307
160	310
155	314
151	318
148	321
146	322
145	324
CLICK
15.652476
182	323
200	318
223	313
247	307
279	301
313	299
339	297
361	297
382	297
400	298
415	299
423	301
431	302
436	303
438	304
438	305
438	306
438	307
438	308
439	309
439	310
440	311
440	312
441	313
441	314
441	315
440	317
439	319
439	321
439	324
439	326
439	328
439	329
440	330
440	331
440	332
441	333
442	334
443	335
CLICK
27.294688
437	334
432	332
423	329
413	324
400	319
387	315
373	308
360	303
348	299
335	294
322	289
314	285
301	280
290	276
280	271
271	267
262	262
253	258
244	253
237	249
232	247
227	243
222	240
217	239
213	238
206	235
199	234
193	233
188	231
182	230
177	229
174	228
172	227
171	227
170	227
169	227
168	227
168	229
168	232
168	234
CLICK
18.110770
169	236
170	224
172	212
173	198
175	189
176	183
177	178
177	175
178	173
178	172
178	171
178	170
CLICK
18.439089
236	186
256	186
278	186
298	185
318	183
336	182
354	180
366	180
374	180
377	180
378	180
379	181
380	181
380	182
380	183
380	184
378	182
372	178
367	175
364	171
360	170
360	169
359	168
358	168
357	168
CLICK
10.295630
349	220
347	232
344	245
341	257
340	270
337	282
334	293
332	301
330	306
328	311
327	314
326	316
326	317
325	318
324	318
323	319
322	320
321	321
320	323
319	325
318	328
315	332
311	335
307	340
303	346
300	351
296	356
292	361
288	365
284	370
281	373
279	377
276	380
274	383
271	387
268	390
266	394
265	396
264	398
263	400
262	401
261	402
260	403
259	405
258	406
257	407
256	408
CLICK
8.485281
280	399
293	396
306	391
318	388
330	387
342	385
354	385
361	385
365	385
368	385
370	385
371	385
372	385
373	385
373	386
374	386
374	387
375	387
376	388
377	388
377	389
377	390
377	391
377	392
CLICK
5.385165
373	395
368	391
363	387
357	380
353	371
346	358
341	342
336	326
335	308
335	296
335	287
336	282
339	278
344	270
354	261
364	248
375	235
384	226
392	216
401	209
409	201
418	194
427	186
434	180
439	176
443	174
446	173
451	172
455	171
459	170
462	169
465	167
467	166
468	166
469	166
470	165
471	165
471	164
473	163
475	162
479	161
480	159
481	158
481	157
482	156
483	155
484	154
485	154
486	153
486	152
487	151
487	150
488	149
489	147
490	146
491	145
492	145
493	144
493	143
494	142
495	142
496	141
497	141
CLICK
14.142136
500	142
500	143
500	144
500	145
499	148
499	151
499	155
499	162
502	170
506	179
511	188
517	197
524	204
533	214
542	220
551	227
561	233
570	239
579	245
589	250
598	254
605	257
610	260
613	262
617	263
619	264
621	265
621	266
622	266
623	266
624	267
625	268
626	268
628	268
628	269
629	269
630	270
631	270
631	269
629	269
628	268
628	267
627	266
626	265
624	264
623	264
622	264
622	263
CLICK
13.416408
597	253
576	242
549	230
514	214
468	196
430	179
387	159
348	142
311	130
283	122
259	117
242	112
228	107
217	102
210	98
205	94
199	90
196	87
193	83
191	80
190	77
190	75
190	74
190	73
190	72
190	71
191	68
192	65
193	62
194	57
194	54
196	51
196	48
196	47
196	45
196	44
196	43
196	42
195	41
194	41
193	40
191	39
188	38
185	37
181	36
177	36
174	34
169	34
165	34
159	34
154	34
150	35
146	36
143	37
140	38
138	39
136	40
CLICK
3.162278
175	61
187	61
201	61
214	61
222	59
228	59
234	59
238	59
241	59
242	59
243	60
244	61
245	62
246	62
247	62
248	62
248	63
248	64
CLICK
7.810250
252	209
253	225
255	239
258	252
259	262
261	272
262	281
264	289
265	295
265	300
265	304
265	309
265	313
265	318
265	322
265	327
264	332
262	336
261	340
260	344
259	347
258	351
256	354
254	356
252	358
249	359
247	360
244	360
242	361
239	363
237	363
234	364
230	364
227	364
224	364
221	365
217	366
215	367
213	368
211	369
209	370
208	370
208	371
208	372
CLICK
14.866069
193	354
183	339
168	319
153	298
138	277
128	260
118	245
110	234
104	227
98	220
94	215
90	209
87	206
85	203
83	199
80	196
78	191
75	186
74	183
72	179
70	176
68	173
64	169
62	166
58	162
55	159
53	156
50	152
47	149
46	146
44	143
43	141
42	140
40	140
39	137
38	137
37	136
36	135
36	134
35	133
34	132
33	132
32	131
31	129
30	128
29	127
26	125
24	123
23	122
23	121
23	120
CLICK
17.464249
27	123
31	124
40	126
48	127
60	129
75	130
92	130
112	130
134	130
152	130
170	128
188	126
202	126
216	126
228	126
241	127
253	127
263	128
271	130
279	130
288	131
294	132
301	132
307	134
312	135
316	136
320	137
323	139
326	142
328	143
329	145
330	147
332	150
333	153
334	158
334	162
334	169
332	173
328	180
322	187
317	193
312	198
303	204
292	209
281	212
269	215
257	217
244	218
232	218
220	218
212	218
203	216
197	214
188	212
183	210
179	209
175	207
172	206
169	204
167	202
163	201
160	200
157	199
155	198
154	197
153	196
152	196
152	195
152	194
162	192
166	191
170	190
174	189
177	189
179	188
180	188
181	188
CLICK
7.071068
218	207
228	212
239	216
252	221
264	228
277	234
290	240
303	247
315	251
326	258
335	262
344	267
349	270
354	274
358	278
361	281
365	285
367	288
370	292
373	295
376	298
381	304
387	309
392	315
397	319
403	322
408	326
413	329
418	331
421	334
424	335
426	336
429	339
432	341
435	344
439	346
442	348
446	350
449	354
452	356
456	358
459	359
461	360
463	361
465	362
466	363
468	364
469	365
470	366
470	367
472	368
473	369
474	369
475	370
476	370
CLICK
16.763055
476	368
473	363
469	358
465	351
461	344
457	335
452	328
448	321
446	316
444	312
443	307
442	303
441	298
440	293
439	289
437	282
436	277
435	271
434	264
432	256
431	250
430	243
428	238
427	234
426	230
424	226
423	222
420	219
417	216
415	212
411	209
408	205
401	201
394	198
384	195
373	194
361	192
347	191
333	191
319	189
303	188
288	186
274	184
260	183
246	180
233	178
221	177
213	175
202	174
194	172
187	171
183	170
178	169
174	168
170	166
167	165
164	164
160	164
156	163
149	162
143	162
135	160
126	159
120	159
112	158
103	156
93	156
81	155
73	153
64	152
60	151
56	150
54	150
54	149
53	148
52	148
52	147
CLICK
8.062258
79	151
91	152
103	154
116	155
128	160
141	165
153	171
166	179
179	185
188	191
197	199
207	208
216	218
222	227
228	239
236	251
242	261
249	272
255	283
261	296
267	305
272	314
276	323
282	330
286	337
290	342
294	347
297	351
300	354
302	359
304	364
307	369
308	373
309	378
310	383
312	387
313	392
314	395
315	399
316	402
317	405
318	407
319	408
319	409
319	410
302	401
298	399
296	398
296	397
294	396
293	395
293	394
292	394
CLICK
8.062258
295	384
299	375
306	363
314	348
327	326
344	297
364	269
382	237
403	204
419	183
433	166
443	152
452	143
461	134
467	127
471	121
473	118
475	115
476	113
477	111
478	109
479	108
480	106
481	105
482	103
483	101
485	100
486	97
490	93
492	90
493	88
495	87
496	86
497	85
498	85
499	84
501	83
502	82
505	82
507	80
510	79
514	77
517	74
524	69
529	66
534	62
540	56
547	50
553	45
558	40
561	37
562	35
563	34
564	34
564	33
CLICK
11.401754
545	52
534	56
520	61
501	66
478	71
450	77
419	84
385	86
343	88
310	88
269	88
229	88
195	87
165	85
130	81
106	75
88	70
72	65
59	60
50	56
45	52
42	49
38	46
36	43
35	40
34	36
33	33
32	31
31	29
31	26
29	22
28	19
27	15
26	10
25	5
24	2
23	0
354	0
375	5
395	12
414	19
428	25
445	30
459	37
468	41
477	47
483	51
486	54
491	60
494	63
496	68
497	71
498	76
501	81
504	88
506	94
511	103
515	112
520	121
524	132
529	141
533	151
538	162
542	173
547	185
550	198
553	206
554	213
555	218
555	221
555	224
555	227
555	229
554	231
554	232
552	234
550	235
546	237
541	240
535	242
530	244
527	245
522	246
519	247
516	247
512	247
509	247
506	247
503	247
500	247
496	247
493	246
490	246
485	245
479	245
474	243
470	243
467	243
464	243
460	243
457	243
454	243
452	243
449	243
447	243
445	243
442	245
438	246
436	247
414	247
411	246
407	245
404	244
402	243
400	243
398	243
397	243
CLICK
13.038405
347	203
327	187
304	166
282	148
267	137
256	127
245	119
238	113
233	109
228	105
225	102
223	99
221	97
219	93
216	90
214	88
212	86
210	83
209	81
207	78
203	75
200	71
196	68
191	64
189	62
187	59
185	58
184	58
183	57
182	56
181	55
181	54
180	53
179	52
178	52
177	51
176	50
174	49
174	48
173	48
172	47
171	47
CLICK
15.556349
205	117
213	130
223	143
229	156
237	167
245	178
251	189
257	200
265	209
271	216
275	223
279	230
283	235
287	240
291	246
293	249
297	252
298	256
300	258
302	261
303	262
304	264
306	266
307	268
308	269
310	270
312	271
314	273
317	275
322	279
326	281
326	282
327	283
328	283
329	283
CLICK
13.038405
294	268
275	263
257	258
239	257
221	253
204	250
186	245
172	242
159	237
147	234
136	231
128	230
123	228
118	226
113	224
110	220
106	218
103	214
99	211
96	207
91	204
86	201
81	199
76	197
73	196
70	195
68	194
66	193
62	192
61	191
60	189
58	186
58	185
57	183
56	182
55	182
55	181
CLICK
9.848858
171	225
210	241
245	260
277	278
305	293
328	307
349	320
362	328
374	336
384	345
393	351
400	357
406	364
411	370
415	375
419	379
424	384
429	389
435	395
440	400
446	406
451	410
456	415
464	421
469	425
474	429
477	431
480	433
483	435
484	436
487	438
488	439
488	440
489	441
490	441
492	442
493	443
494	444
495	442
494	441
494	440
494	439
494	438
493	437
493	436
493	435
493	434
493	433
493	432
493	431
493	430
CLICK
9.055385
504	379
510	356
515	332
520	312
525	295
528	287
531	282
532	277
533	274
534	271
535	269
536	265
537	264
538	263
539	262
539	261
540	260
540	259
540	258
541	257
542	257
543	256
543	255
544	255
546	255
550	254
554	253
558	250
562	248
566	246
570	243
573	241
575	239
577	238
580	236
580	235
581	234
582	233
582	232
583	232
584	231
585	231
586	230
586	229
586	228
CLICK
5.385165
588	205
586	194
585	184
583	175
582	167
580	159
579	154
578	149
578	146
577	143
577	140
576	138
576	137
575	135
575	133
575	131
575	130
575	129
574	128
574	127
573	126
573	125
572	124
572	122
572	119
570	116
570	114
570	112
570	109
570	106
569	104
569	103
569	102
569	101
569	100
CLICK
5.385165
543	164
538	177
532	189
526	202
521	211
515	220
511	229
508	236
504	241
500	246
498	251
496	254
493	258
490	261
489	264
487	268
484	271
481	275
477	280
473	283
468	289
463	294
457	298
452	303
447	307
442	311
436	315
433	319
431	321
429	322
427	323
426	324
425	324
424	325
423	326
421	327
418	328
416	329
414	330
411	331
410	332
408	332
407	333
406	333
405	333
405	334
404	334
CLICK
14.212670
374	312
361	303
348	295
337	288
327	282
321	277
316	273
311	269
307	265
305	263
303	262
302	260
300	259
299	258
297	257
296	255
295	254
294	254
291	251
289	250
288	248
286	247
285	246
284	245
283	244
282	243
281	243
281	242
281	241
280	240
279	240
279	239
CLICK
22.561028
258	225
253	221
246	217
239	213
232	207
223	203
216	199
209	194
202	190
193	187
189	186
184	185
179	184
175	183
170	182
167	180
162	179
158	178
153	177
145	176
138	174
130	173
125	173
119	172
112	170
108	169
103	168
99	168
94	168
91	168
88	168
84	167
81	167
79	167
78	166
76	166
73	166
70	165
66	165
63	165
59	165
56	165
51	165
47	165
42	165
37	166
33	167
29	169
26	169
24	170
21	170
20	170
19	170
17	170
16	170
15	170
14	170
13	170
12	171
11	171
CLICK
3.605551
56	182
74	186
97	189
120	193
151	197
184	199
211	203
231	206
251	211
270	216
288	221
303	226
315	231
326	235
335	240
340	243
345	247
349	250
354	253
358	256
364	260
371	264
378	268
387	273
395	277
402	281
407	284
413	288
416	289
418	290
419	291
421	291
423	292
424	293
425	294
429	295
432	296
435	298
439	299
442	300
445	301
450	302
453	303
456	303
460	304
464	304
467	305
471	306
474	307
477	309
480	309
482	310
485	311
486	311
488	312
489	312
490	312
491	312
492	312
CLICK
24.331050
497	315
494	319
491	322
487	325
480	330
470	334
457	339
442	346
424	352
406	357
387	362
369	366
351	369
333	370
315	372
299	375
284	379
270	380
258	383
247	385
241	386
234	387
230	388
226	390
224	390
223	390
221	391
220	391
217	392
215	393
212	394
210	394
206	396
203	397
200	398
197	398
193	399
189	399
184	399
180	400
175	400
169	400
161	400
155	400
147	400
140	401
134	401
126	403
121	403
117	404
112	405
107	406
103	407
98	408
95	410
92	411
88	411
86	412
85	413
84	413
CLICK
11.180340
117	387
126	377
135	371
144	364
154	354
163	347
174	339
185	331
196	323
205	317
214	311
221	305
228	299
234	295
239	292
244	288
247	284
251	281
254	277
258	274
260	272
262	271
263	270
263	269
264	268
265	267
266	265
267	262
268	259
271	255
273	252
274	251
275	250
276	249
277	249
277	248
278	248
279	248
284	244
286	238
290	232
296	227
301	223
308	219
313	216
318	214
321	213
322	213
323	213
324	213
325	214
326	214
326	216
317	210
308	202
299	193
289	183
280	174
271	165
262	157
256	152
251	146
247	143
243	137
240	134
238	131
235	127
234	124
233	123
232	121
232	120
231	120
230	119
229	118
228	117
227	116
226	116
192	151
188	156
185	161
181	166
175	172
171	177
167	182
165	185
162	188
161	190
159	192
156	194
154	195
152	196
152	197
150	198
149	199
148	200
147	200
152	203
160	205
171	206
183	208
195	209
208	212
220	215
229	218
238	223
246	226
255	230
262	234
267	237
272	239
279	243
284	246
289	250
294	254
299	256
305	260
310	264
315	268
320	272
325	276
331	280
336	283
341	287
344	291
348	294
351	298
354	301
355	303
358	305
360	309
364	312
367	316
371	319
374	321
379	324
382	325
387	326
392	329
396	330
401	331
409	332
414	333
419	335
422	336
425	337
426	337
428	338
430	339
431	340
432	340
433	340
434	340
372	348
347	350
322	352
296	354
276	355
258	359
241	360
227	362
217	362
209	362
205	362
201	362
198	361
196	361
193	360
190	360
186	360
183	360
180	360
176	360
171	358
165	358
160	357
154	357
149	357
145	356
142	356
137	356
133	356
128	356
124	356
119	356
116	356
113	356
111	356
110	356
109	356
108	356
107	356
CLICK
10.000000
107	341
105	329
103	312
103	295
103	279
103	265
103	251
103	241
104	232
105	226
106	221
107	218
109	213
110	210
111	208
112	206
113	205
113	204
113	203
113	202
114	202
114	201
115	201
116	201
118	200
121	200
126	200
133	200
143	198
159	198
178	202
196	206
216	211
243	218
275	227
311	236
344	245
373	255
398	263
423	270
442	277
456	282
469	288
482	293
490	296
495	297
498	298
500	298
502	299
503	299
504	299
505	299
506	300
507	301
510	302
513	303
516	304
518	305
519	306
520	306
521	308
522	310
523	312
524	314
526	316
527	318
528	320
529	324
530	326
530	327
531	329
531	330
CLICK
18.027756
525	337
522	338
514	339
505	341
495	341
483	341
467	338
449	333
425	324
398	312
370	297
343	282
322	267
303	250
288	237
275	222
260	208
247	195
234	184
221	174
211	168
204	162
197	158
192	154
187	150
183	147
180	143
178	140
175	135
173	130
168	121
164	114
160	105
159	101
157	97
157	93
156	90
155	86
154	83
154	81
153	78
153	75
152	73
152	71
151	70
151	68
150	67
149	66
149	65
149	64
148	63
147	62
146	61
145	59
144	58
144	57
CLICK
15.297059
119	103
113	114
105	125
99	136
93	147
87	156
82	165
78	170
77	175
76	180
74	183
73	186
72	189
71	192
69	195
68	197
66	200
65	201
64	203
64	204
63	205
62	206
61	206
60	207
59	208
58	209
58	208
54	205
50	199
47	196
46	193
43	190
42	188
42	187
CLICK
11.401754
196	187
218	185
237	185
257	185
273	185
291	185
307	187
322	190
332	192
343	195
351	196
356	199
362	200
369	203
376	205
381	207
387	208
394	211
402	212
413	213
421	216
430	218
438	221
445	222
450	223
453	224
455	225
457	225
458	225
461	223
464	222
467	221
471	220
475	219
478	218
483	216
488	215
492	214
497	213
502	212
506	211
510	210
513	208
514	208
515	208
CLICK
14.866069
515	207
513	200
508	189
504	176
499	162
494	147
489	133
486	121
483	108
478	97
475	89
473	84
472	80
471	76
470	73
468	69
467	66
466	63
465	61
465	57
464	55
463	53
462	52
461	51
461	50
461	49
461	48
460	47
459	46
459	45
458	42
457	40
456	36
455	33
454	30
452	26
451	23
450	19
449	14
448	11
447	7
446	7
446	6
CLICK
3.605551
429	32
422	36
413	40
405	43
394	46
384	48
375	49
367	51
359	51
351	51
343	51
334	51
326	50
318	49
311	47
305	46
300	45
293	44
289	43
284	41
277	39
273	37
268	36
263	35
257	34
252	33
248	32
240	32
233	30
227	29
222	28
215	26
211	26
203	25
195	25
187	25
177	25
165	25
153	25
142	26
136	27
131	28
127	28
122	28
119	29
117	29
114	29
113	29
111	29
110	29
109	29
109	30
108	30
CLICK
2.000000
239	92
268	100
293	108
317	114
341	119
365	125
383	130
398	135
410	139
421	144
432	150
441	156
448	160
455	166
462	170
469	174
478	179
487	183
498	188
507	192
515	197
522	199
526	201
529	202
530	203
531	203
532	204
533	206
534	208
535	210
536	212
537	214
538	215
539	216
540	217
541	218
541	219
542	219
542	220
543	221
544	222
545	223
546	224
547	225
548	225
548	226
549	227
550	228
551	228
552	228
553	229
556	230
559	231
561	232
564	233
567	234
571	235
574	235
576	236
577	236
578	236
579	236
580	236
581	236
582	236
583	236
584	236
585	236
CLICK
17.720045
538	248
526	253
512	256
499	259
489	260
480	262
472	263
466	263
463	263
459	263
456	263
453	263
450	263
447	263
443	263
441	263
438	262
433	261
430	261
426	260
422	260
419	259
415	259
410	258
407	256
402	256
400	255
397	255
394	255
392	255
391	255
390	255
389	255
364	257
362	258
361	258
359	259
357	259
354	260
353	261
352	262
CLICK
10.770330
348	261
348	247
349	229
351	209
353	189
354	170
358	147
361	129
366	114
367	104
370	95
372	89
373	84
374	81
375	78
376	76
377	74
378	73
378	72
378	71
378	70
CLICK
10.000000
350	129
339	146
330	161
320	175
310	190
298	203
285	217
275	230
266	239
259	246
251	256
244	261
235	267
229	273
222	277
213	281
206	286
198	290
191	293
184	297
179	298
174	301
171	302
168	303
164	304
159	306
155	307
150	309
145	311
141	312
135	316
129	319
120	320
112	323
105	326
96	327
90	329
85	330
81	331
77	332
74	333
73	334
72	335
71	336
70	338
69	339
68	340
67	341
114	338
134	333
155	326
176	319
195	311
218	303
237	297
253	292
264	287
272	286
276	285
277	285
277	284
278	283
279	282
280	281
281	280
282	279
285	278
286	278
287	278
331	270
343	266
356	262
366	260
374	259
378	258
379	258
399	265
408	266
418	266
430	268
440	269
453	271
465	272
479	274
491	275
504	277
514	278
522	280
533	281
543	283
551	284
556	285
560	285
561	286
562	286
563	287
564	287
565	287
568	281
571	272
576	259
581	247
587	238
593	229
597	224
600	220
602	217
603	216
604	215
604	214
605	214
CLICK
19.104973
556	249
551	254
547	258
545	261
544	263
543	264
543	265
543	266
543	267
542	267
542	268
542	269
542	270
542	271
542	272
542	273
543	274
541	276
533	276
523	277
511	277
501	277
493	277
484	277
480	276
476	275
473	274
471	273
469	272
468	271
466	270
465	268
463	267
460	266
457	263
455	262
451	260
449	259
448	258
447	257
446	256
445	255
444	254
443	254
443	253
442	252
CLICK
8.000000
413	272
406	279
397	287
387	294
376	302
365	312
352	322
339	331
326	339
313	347
304	355
293	361
284	367
275	373
270	377
265	381
260	382
257	384
254	386
249	387
246	388
242	389
238	390
235	391
231	392
227	393
222	395
217	398
212	400
208	401
204	402
201	403
196	404
193	405
190	406
188	406
187	407
186	407
185	407
184	408
183	408
182	409
180	410
179	410
178	411
177	411
187	376
194	357
201	336
207	318
214	302
220	287
227	274
231	262
236	249
241	240
244	231
245	223
248	216
249	210
250	205
251	202
251	200
252	199
252	197
252	195
252	192
252	189
252	186
252	182
252	179
252	176
251	173
250	169
249	166
248	163
246	159
245	156
244	153
243	150
242	146
241	144
240	142
239	140
238	139
237	138
236	138
236	137
235	136
234	136
233	135
232	135
CLICK
15.000000
212	137
206	136
201	135
196	133
191	130
188	128
185	125
179	121
174	115
169	111
165	108
160	104
155	100
152	98
148	96
145	94
143	92
139	91
136	90
133	88
129	86
126	85
123	83
120	82
116	81
113	80
111	79
109	78
107	77
106	76
105	75
104	75
CLICK
24.758837
134	120
143	133
150	146
156	159
162	168
166	177
171	184
175	191
178	194
181	197
183	201
184	203
185	205
186	207
187	208
188	209
189	210
190	211
191	213
192	214
193	215
195	217
196	219
197	221
198	222
199	223
199	224
199	221
198	219
198	218
198	217
197	216
197	215
194	206
193	201
191	196
190	192
189	188
188	186
187	184
186	183
185	183
185	182
CLICK
3.162278
241	162
247	158
252	154
254	152
256	151
257	150
258	148
259	145
260	142
261	138
261	135
262	133
262	132
262	131
262	130
262	129
261	128
260	127
260	126
260	125
259	125
259	124
259	123
258	122
CLICK
14.035669
300	116
318	115
338	113
357	111
376	111
394	111
412	112
426	114
438	114
449	115
455	116
462	118
466	119
473	120
478	121
481	121
485	123
487	124
491	125
493	126
496	127
499	128
503	129
504	130
504	131
506	132
510	134
513	135
515	136
518	138
520	139
521	140
522	140
523	141
520	186
518	192
518	200
517	209
516	215
514	224
513	230
513	236
512	241
512	245
511	250
510	253
510	257
510	259
510	260
510	261
510	262
CLICK
14.142136
464	286
449	293
434	301
419	309
403	317
388	324
373	330
359	337
344	343
332	348
319	353
306	359
296	364
285	368
276	373
267	377
260	380
254	383
249	385
242	389
235	392
230	393
225	396
222	397
220	398
218	398
217	399
215	400
213	400
210	401
207	402
202	403
197	404
193	405
188	406
182	408
177	409
172	410
168	411
163	412
160	413
155	413
152	413
149	413
144	413
141	413
137	413
132	415
128	415
122	415
115	416
111	417
107	417
104	418
101	419
99	419
98	419
192	370
214	360
236	351
255	344
273	339
291	334
306	330
320	328
332	325
345	323
355	322
361	321
366	321
369	321
372	321
376	322
379	323
382	325
386	329
389	332
393	336
395	339
398	342
402	348
406	353
412	358
419	366
425	373
430	378
438	387
445	395
453	401
458	406
463	411
467	415
472	419
476	422
479	424
481	427
484	428
485	428
485	429
486	429
487	428
488	427
489	426
490	425
493	424
495	423
498	422
500	420
503	418
507	417
509	414
512	413
513	412
514	412
515	411
516	411
516	410
CLICK
5.656854
516	357
514	337
512	317
512	299
512	281
511	267
509	253
508	239
506	226
505	214
503	206
503	196
503	189
503	179
503	171
503	161
504	151
505	142
506	134
508	124
511	115
512	105
514	96
515	88
516	83
517	80
518	78
518	77
515	80
509	89
500	102
490	117
480	132
470	147
458	162
448	177
442	190
436	200
431	207
428	213
425	218
423	221
421	223
420	225
419	226
419	227
418	227
417	228
416	229
415	229
414	227
413	224
412	220
411	216
410	212
409	208
408	204
407	202
407	201
407	200
CLICK
1.000000
402	177
399	165
396	148
394	130
392	112
389	98
386	84
384	75
383	69
382	64
381	61
380	58
379	54
378	51
377	49
376	47
375	45
374	44
373	43
372	42
372	41
371	40
370	39
369	37
368	33
367	30
366	27
365	23
364	23
363	22
363	21
362	21
362	20
363	22
367	24
370	26
373	28
377	30
380	31
385	33
389	34
393	35
396	36
399	38
402	39
406	40
409	42
411	43
414	44
416	45
417	46
418	47
419	48
420	48
421	49
422	49
CLICK
11.180340
424	179
426	201
426	219
428	235
428	249
429	261
431	273
432	282
434	290
436	297
438	303
440	308
441	315
442	318
444	323
445	327
446	332
447	337
448	341
451	346
452	351
454	356
455	359
458	363
459	366
460	369
461	372
462	376
463	379
464	381
465	383
466	384
467	385
468	386
468	387
469	387
470	388
470	389
471	390
472	392
473	394
474	395
475	398
476	399
477	399
478	400
478	401
479	401
491	368
496	345
502	317
511	281
520	248
527	223
532	205
537	192
538	184
541	179
542	174
543	170
544	166
545	163
547	160
548	156
549	153
550	150
551	146
552	146
553	145
553	144
555	144
572	166
574	170
577	173
578	175
579	177
580	178
CLICK
21.213203
597	197
601	199
604	202
607	204
610	206
613	208
614	209
617	210
618	211
618	212
619	213
620	213
621	214
622	214
623	215
625	216
625	217
626	218
627	219
CLICK
2.236068
555	243
530	250
493	262
457	271
420	280
393	286
369	292
345	297
321	303
300	308
282	311
268	314
254	317
243	319
231	320
221	322
212	323
204	325
193	326
185	328
179	328
174	329
168	329
163	330
159	331
154	331
151	331
148	331
143	331
140	330
135	327
130	324
125	321
120	317
115	313
110	312
107	311
103	310
101	309
99	308
97	307
96	306
95	305
94	304
92	303
89	302
86	301
83	300
80	299
78	299
76	298
75	298
73	298
71	298
70	298
69	298
68	298
CLICK
22.022716
101	290
119	285
139	280
165	274
198	266
226	258
250	252
269	249
285	245
299	242
310	241
318	239
324	238
329	237
336	236
340	235
345	233
350	232
356	231
364	229
373	228
379	227
388	225
396	224
401	223
405	222
409	221
411	220
412	219
413	219
414	218
417	217
420	216
424	215
429	211
434	208
441	204
447	202
452	199
457	197
461	194
464	193
465	192
466	192
467	191
469	251
466	267
461	285
456	304
451	322
446	340
441	355
438	367
437	378
437	384
436	388
436	390
436	391
436	392
436	393
436	394
437	394
437	395
438	395
439	395
442	395
445	392
449	389
452	384
458	378
463	373
467	368
473	362
477	357
480	352
484	348
485	345
486	343
486	342
CLICK
24.515301
487	341
487	336
487	328
487	320
487	314
487	309
487	303
488	298
489	294
490	290
493	287
494	285
495	283
496	282
496	281
497	280
498	280
499	280
500	280
501	280
502	280
506	280
509	280
512	281
517	282
521	283
526	284
531	285
533	286
536	288
537	288
538	289
539	290
539	291
542	292
546	293
547	294
548	294
549	294
550	295
551	296
CLICK
11.045361
536	314
533	317
530	321
526	326
522	329
520	333
516	336
514	340
512	343
510	346
507	350
506	353
505	356
504	360
503	363
502	366
501	369
500	371
500	373
499	374
499	375
499	376
499	377
CLICK
7.071068
488	362
479	349
470	336
460	323
451	314
443	308
434	302
425	295
416	287
407	278
397	266
388	255
378	242
368	229
358	216
347	203
334	190
322	177
312	164
303	151
291	138
283	127
274	115
268	106
262	99
258	94
255	91
252	87
249	82
245	79
242	75
238	72
236	70
234	68
230	64
228	62
225	61
222	59
220	58
216	55
213	54
210	52
208	51
205	50
205	49
205	48
204	48
202	46
201	45
200	45
199	44
198	43
198	42
198	41
198	40
CLICK
18.110770
217	124
222	142
227	160
232	180
237	197
242	211
244	224
245	234
246	242
248	249
249	254
250	258
253	263
254	268
256	273
257	277
259	282
261	285
262	289
263	292
264	295
265	299
266	302
267	305
269	310
271	315
273	318
275	321
277	323
278	325
278	326
279	327
280	328
280	329
281	330
282	331
283	331
284	332
284	333
285	333
286	334
287	335
287	336
288	336
289	337
306	354
310	358
313	361
317	364
320	366
322	368
324	369
325	370
326	371
CLICK
20.099751
338	378
343	380
348	384
354	388
359	392
364	396
373	400
382	405
388	407
395	410
402	414
407	417
412	419
416	423
421	425
426	429
429	431
433	434
436	435
437	435
438	436
438	437
439	438
440	439
441	440
442	441
443	441
444	441
CLICK
15.811388
434	433
432	431
431	430
430	429
429	428
429	427
428	426
428	425
428	424
428	423
428	420
428	419
428	418
428	417
428	416
428	415
429	414
429	413
429	412
429	411
430	410
430	409
431	408
431	406
431	403
431	400
431	394
431	385
431	373
430	357
427	339
424	319
420	294
416	267
412	240
412	215
412	190
417	166
418	146
422	130
423	116
423	104
425	95
426	89
427	86
428	84
429	83
429	82
429	81
429	80
430	78
431	77
432	77
432	76
433	75
433	74
434	73
434	72
435	71
436	71
CLICK
15.132746
425	121
422	130
419	137
418	142
416	146
415	151
413	154
412	158
411	161
410	164
409	165
408	168
407	170
407	171
406	172
406	173
406	175
405	177
403	180
402	182
402	183
402	184
401	185
CLICK
12.083046
395	187
390	188
386	190
382	191
379	192
376	193
373	193
369	193
367	193
365	193
363	193
362	193
361	193
361	190
361	188
361	185
361	183
361	182
362	182
368	187
371	195
377	210
386	248
392	283
393	285
393	277
392	276
391	276
390	276
390	275
392	274
397	273
403	272
414	269
424	267
434	266
445	264
453	263
462	262
466	261
475	259
483	256
492	253
501	249
508	246
513	242
516	240
518	239
519	237
520	236
521	234
522	233
524	230
526	228
528	225
529	222
530	218
532	215
533	210
534	206
535	201
535	198
535	193
535	190
535	186
535	184
535	182
535	181
535	180
535	179
535	178
535	177
536	177
CLICK
11.704700
500	226
491	235
482	241
473	247
466	251
457	256
450	260
441	263
433	266
426	268
421	271
416	273
411	274
407	276
403	277
400	278
397	279
394	280
390	282
387	285
383	288
380	290
379	291
377	293
376	294
376	295
376	296
376	297
376	298
375	301
372	304
370	308
366	313
362	318
357	323
352	329
346	334
340	341
335	349
331	354
327	359
323	362
320	366
316	369
313	372
311	374
309	376
305	379
302	383
296	388
291	392
284	398
279	402
275	405
272	408
270	409
269	409
268	409
268	410
268	411
268	412
267	413
267	414
267	415
267	416
267	417
267	418
266	419
262	428
269	415
273	409
277	406
278	403
279	399
280	398
280	397
280	396
CLICK
12.206556
245	379
237	377
228	371
217	366
204	361
192	358
183	354
174	349
167	345
160	341
155	338
150	336
146	335
142	334
139	333
138	332
135	331
132	330
129	329
125	327
122	325
119	324
115	323
112	322
110	321
107	320
103	319
101	318
99	317
97	316
95	315
92	313
89	312
87	311
83	310
81	308
79	307
77	306
75	305
74	304
72	303
71	302
70	301
69	301
68	300
67	299
66	298
65	298
71	297
83	295
101	294
123	294
154	292
188	290
229	290
269	290
310	290
348	291
378	293
408	295
430	297
450	298
464	300
476	301
486	301
494	303
501	303
505	303
508	303
510	303
512	303
515	303
520	303
524	303
529	303
533	303
538	301
543	301
546	300
548	300
549	300
549	299
549	298
550	297
551	296
554	294
557	293
561	291
564	289
568	285
571	283
572	282
572	281
572	280
572	279
573	279
CLICK
5.099020
580	279
583	278
586	277
591	276
598	275
604	273
612	272
619	271
622	271
625	270
626	269
627	269
627	268
620	277
618	278
617	279
616	279
616	278
CLICK
20.615528
554	316
538	323
519	330
496	337
477	342
461	349
446	353
434	358
421	363
409	366
396	371
383	375
371	379
357	382
342	387
328	391
315	396
306	399
298	402
293	403
291	404
290	405
288	406
285	407
280	408
274	409
266	411
257	414
249	415
240	417
232	418
225	419
221	420
216	420
212	420
208	420
207	420
206	419
205	418
204	416
202	414
200	412
198	411
196	410
192	409
191	409
190	408
CLICK
3.605551
223	369
233	360
242	351
247	345
251	340
255	336
256	336
256	335
256	334
CLICK
3.605551
259	336
262	336
267	335
272	333
278	330
287	327
295	326
304	323
312	321
325	320
335	320
347	318
359	317
371	317
379	317
388	317
392	317
397	317
400	317
404	317
407	317
411	318
413	320
414	324
415	327
415	331
416	336
418	342
419	349
420	357
422	366
423	372
424	379
426	385
427	392
428	398
431	405
432	410
433	414
434	419
434	422
435	424
435	426
435	427
435	429
435	430
435	431
435	432
435	434
435	435
435	436
435	437
435	438
435	437
435	436
435	435
423	419
421	410
419	398
416	385
414	371
413	357
411	341
410	325
408	309
406	290
406	276
405	262
405	250
405	238
405	228
405	220
405	212
404	207
402	201
401	192
401	184
399	176
399	168
399	158
399	149
399	143
399	140
399	136
399	132
399	129
398	127
398	125
398	123
398	120
398	117
398	114
397	110
397	106
396	103
395	98
394	93
394	89
393	86
392	82
391	80
391	79
390	78
389	77
388	76
388	75
387	74
386	73
386	72
385	72
384	71
383	71
CLICK
12.727922
337	122
324	135
309	148
296	162
282	175
271	188
258	199
248	211
239	220
233	227
228	232
222	238
217	243
211	249
204	255
199	260
193	265
186	271
179	277
174	282
168	286
163	290
158	294
154	298
151	301
147	304
144	310
138	315
131	321
122	327
115	333
106	339
98	344
90	349
84	353
79	357
74	361
71	363
66	367
62	369
57	372
52	376
49	380
44	384
40	386
39	387
38	387
CLICK
8.544004
63	333
72	319
80	306
88	291
96	280
100	271
105	262
109	251
114	243
117	234
118	226
121	217
124	210
125	202
126	195
127	191
127	186
129	183
129	180
129	176
129	173
129	170
129	167
129	164
129	159
128	156
127	153
126	149
125	147
125	145
124	144
123	143
122	140
121	138
120	135
120	132
119	129
118	125
117	122
116	119
115	115
114	112
113	108
111	103
110	98
109	94
108	90
107	87
106	85
106	84
106	83
106	82
CLICK
12.529964
72	210
67	225
65	239
60	252
59	262
58	270
55	279
52	286
51	290
50	295
48	300
47	304
45	309
44	313
43	317
41	320
40	325
39	328
37	332
36	335
35	337
35	338
35	339
35	340
35	341
35	343
35	346
34	350
34	353
34	355
34	357
34	359
34	361
35	361
35	363
35	364
35	365
42	368
47	368
54	364
62	361
73	357
86	352
100	345
115	337
130	329
145	319
160	306
180	291
201	276
222	260
239	249
254	235
267	224
280	210
293	197
306	186
320	174
331	165
340	155
349	148
357	140
364	135
369	131
373	127
376	125
378	123
380	122
383	121
387	118
390	116
393	114
398	110
402	107
407	103
410	101
411	100
413	99
414	98
416	97
417	96
420	95
423	94
428	92
433	88
440	85
449	81
460	75
470	68
483	59
496	50
509	44
518	38
527	34
532	31
534	29
536	28
537	27
538	26
539	25
540	25
540	24
541	24
542	23
543	22
458	79
440	87
419	94
400	101
382	107
366	112
347	119
329	122
311	126
293	129
275	131
257	132
238	134
220	135
202	137
188	139
174	139
162	140
150	142
138	143
127	143
121	143
118	143
115	143
111	142
108	140
103	137
98	135
92	132
85	131
77	130
68	128
60	127
51	125
47	124
43	123
43	122
42	122
41	121
40	121
39	121
70	210
77	222
85	235
93	246
102	257
112	267
121	276
128	282
137	289
145	295
154	301
162	306
169	310
178	314
187	319
198	323
209	328
219	331
230	334
242	339
251	342
261	345
270	346
280	347
288	347
297	349
305	349
313	349
321	349
327	349
335	349
340	349
344	349
349	349
353	349
358	349
361	349
364	348
368	347
371	345
374	344
379	343
384	342
388	341
393	340
397	339
401	337
404	336
407	336
411	335
415	334
420	334
424	334
427	334
431	334
434	335
437	336
442	340
449	344
456	350
462	354
467	359
472	365
480	372
486	379
495	385
504	391
511	399
518	405
527	411
536	417
549	423
560	429
573	436
582	440
631	444
631	443
632	443
631	437
627	435
625	435
622	434
619	434
617	433
614	433
612	432
611	431
610	431
609	431
CLICK
12.041595
598	424
595	421
590	418
586	414
581	409
576	405
572	401
567	398
565	395
563	394
560	392
558	391
558	390
557	390
556	388
555	387
554	386
553	385
552	384
552	383
551	382
550	381
549	380
CLICK
8.944272
508	347
498	336
489	325
477	312
467	297
455	282
444	267
434	252
424	237
416	223
411	210
406	199
402	192
398	187
396	182
394	179
393	176
390	173
389	170
388	167
385	163
382	160
379	157
376	153
373	150
370	146
366	143
361	139
359	135
357	133
356	133
355	132
355	131
CLICK
10.770330
356	170
356	176
356	183
356	191
356	199
354	206
354	214
353	218
353	223
353	226
353	229
353	232
353	236
352	239
352	242
352	245
352	249
352	252
353	255
354	258
355	262
356	265
358	268
360	272
361	275
362	278
363	280
364	281
365	282
366	283
366	284
367	284
368	285
369	285
370	285
CLICK
19.697716
385	269
391	258
398	249
406	238
414	229
422	220
428	210
432	203
436	196
437	192
438	189
439	185
441	182
441	180
442	177
443	173
444	170
445	167
446	164
447	160
447	159
448	159
448	158
448	157
448	156
448	155
448	152
448	151
447	149
446	145
445	142
444	139
443	135
442	132
441	130
440	128
439	126
438	124
437	123
436	122
435	122
434	121
433	121
432	121
CLICK
5.000000
387	175
373	188
360	198
347	208
334	217
321	227
308	237
297	245
286	253
277	260
266	267
257	273
248	279
239	285
230	291
221	297
212	301
203	306
194	312
185	318
178	322
171	326
166	330
159	334
152	338
147	342
142	346
138	348
135	351
132	353
128	354
126	356
123	358
121	359
119	361
117	362
114	365
112	366
111	367
110	368
109	368
108	369
107	370
107	371
105	372
104	372
103	373
101	374
100	375
98	376
96	377
95	378
95	379
93	381
89	383
86	385
83	389
79	392
76	396
72	399
69	401
65	404
62	406
60	408
58	409
57	410
56	411
55	412
54	412
CLICK
6.082763
87	417
90	418
91	419
92	419
92	420
93	420
CLICK
15.000000
107	420
117	418
129	417
142	415
156	414
174	412
192	411
214	409
234	407
256	404
278	402
301	397
325	391
353	385
377	380
400	376
418	375
436	373
452	371
467	370
481	370
493	370
505	370
515	370
525	370
533	370
541	370
546	370
550	370
555	370
559	371
564	371
567	372
570	372
573	372
575	373
576	373
577	373
578	373
579	373
580	374
583	374
587	374
592	374
596	374
601	374
604	374
606	374
607	374
608	374
608	373
CLICK
12.529964
598	368
583	363
569	356
548	349
527	342
501	332
475	322
452	311
433	300
418	290
401	279
386	269
373	259
360	251
349	241
340	234
333	228
324	222
316	216
311	211
302	203
295	197
285	190
276	182
269	175
261	167
252	158
243	149
233	139
222	131
215	126
206	121
198	117
191	113
186	110
181	109
176	106
171	105
163	102
156	101
148	100
139	98
129	97
121	95
110	94
102	93
94	91
85	90
79	90
73	90
67	90
62	90
58	90
54	90
51	90
50	90
49	91
49	92
CLICK
13.601471
50	91
51	91
51	90
54	91
61	96
72	106
87	116
102	127
122	144
143	159
162	176
177	189
192	203
205	212
218	222
231	232
240	241
249	251
259	258
264	264
269	268
275	271
278	275
281	278
285	281
288	282
289	284
290	285
291	285
292	285
293	285
294	286
295	286
296	287
297	288
298	289
299	290
299	292
300	292
301	293
301	294
302	295
303	296
303	298
304	299
305	299
305	300
305	303
306	305
306	307
306	309
306	311
306	312
306	313
306	314
CLICK
22.203603
319	293
325	284
335	269
345	255
356	238
370	223
385	207
395	193
405	178
413	165
421	152
429	139
437	126
443	117
447	112
451	107
454	103
455	101
456	100
456	99
457	99
460	97
463	95
465	94
467	93
468	93
469	93
470	93
471	92
474	91
477	90
482	89
486	87
490	86
493	85
496	84
498	84
499	83
500	83
CLICK
11.401754
464	108
452	113
437	119
422	124
410	129
397	132
387	133
379	135
370	136
364	138
359	139
354	140
350	141
345	142
341	143
337	144
333	146
329	146
326	147
323	147
321	147
319	147
316	147
313	147
312	147
310	147
308	147
306	146
304	145
302	144
300	143
297	142
296	141
295	140
293	139
292	138
291	137
290	136
289	136
289	135
291	133
295	130
301	126
306	124
308	123
310	122
CLICK
4.472136
326	128
331	131
340	135
348	137
359	138
367	139
374	141
380	142
385	143
388	143
391	144
393	144
394	145
395	145
389	147
385	148
380	150
376	150
369	151
365	151
362	151
360	151
359	151
358	151
358	150
CLICK
10.049876
326	161
313	166
301	171
286	176
272	181
259	182
247	185
239	187
230	188
225	189
221	190
216	190
212	190
209	190
204	190
200	190
194	190
188	190
179	192
171	193
165	193
160	193
156	193
151	193
148	193
145	193
141	192
139	192
137	191
136	191
136	190
135	189
134	189
133	188
132	188
131	188
130	188
CLICK
2.828427
169	207
181	212
196	219
209	225
220	233
229	239
236	245
241	250
245	255
249	259
252	262
256	266
258	269
260	270
263	271
264	272
265	273
266	273
266	274
267	274
268	274
268	275
269	276
270	276
270	277
271	277
272	278
273	279
274	279
275	280
275	281
276	281
CLICK
25.612497
270	281
262	281
248	282
234	282
219	284
201	284
187	284
173	284
161	283
153	282
142	280
136	279
131	278
126	276
123	274
121	273
119	272
116	271
115	270
113	269
112	269
110	268
109	267
108	266
107	265
106	264
105	263
104	263
103	263
103	262
102	262
CLICK
20.223748
177	270
195	271
213	273
231	276
251	280
269	281
284	284
298	288
310	291
323	294
335	295
346	298
358	300
368	303
377	304
386	307
394	312
403	316
414	321
421	325
428	329
433	333
437	335
440	337
443	338
445	341
447	342
448	344
449	345
450	346
451	347
452	349
453	350
455	352
456	353
458	354
458	355
460	356
461	356
462	357
463	358
464	359
465	360
465	361
467	362
468	362
469	363
470	363
471	364
CLICK
13.416408
450	345
439	337
424	327
411	314
397	299
382	283
366	266
353	251
339	236
326	220
313	205
301	190
291	177
281	164
273	152
267	141
261	130
256	121
250	112
246	105
240	96
235	90
229	83
224	78
218	72
214	67
209	63
206	60
201	57
195	53
189	51
184	50
176	48
171	48
167	47
162	46
157	46
153	46
150	46
146	46
143	46
140	47
137	47
134	47
132	47
128	47
127	47
126	47
125	47
124	47
123	47
122	47
122	46
121	45
120	45
119	43
118	42
117	41
116	40
116	39
115	38
115	37
115	36
115	38
115	39
115	40
115	37
111	34
109	30
105	27
102	24
98	20
96	18
95	17
95	16
94	15
93	15
CLICK
15.264338
152	112
166	129
178	146
189	165
195	181
202	196
206	209
209	221
212	230
214	238
215	243
216	247
217	251
218	253
218	255
218	256
219	257
219	259
219	261
219	262
219	263
219	264
219	266
219	267
219	268
219	269
219	271
219	273
219	275
218	276
CLICK
20.000000
292	236
320	228
349	220
381	213
412	207
444	201
467	197
489	195
507	194
523	192
539	190
555	189
568	187
576	187
580	187
583	187
585	187
586	187
587	187
588	187
588	188
552	207
538	210
523	213
507	215
489	216
467	218
445	220
421	220
399	219
374	217
354	216
334	212
316	209
302	206
285	201
269	196
254	191
242	188
233	187
227	185
222	184
219	183
217	182
215	181
214	180
212	179
210	177
207	176
203	175
200	174
197	173
194	172
192	171
188	170
185	168
182	167
178	166
175	165
170	164
167	163
163	162
158	161
153	159
149	158
144	157
141	156
136	155
133	154
128	153
124	151
119	150
116	149
111	149
108	148
105	148
101	148
98	148
95	148
92	148
88	149
CLICK
10.049876
98	203
110	204
128	204
148	203
171	200
196	198
224	192
259	188
286	184
306	179
328	177
346	176
360	176
374	176
386	176
395	178
400	180
404	181
408	183
411	185
413	186
416	187
420	189
426	191
431	194
436	196
441	199
447	200
452	201
457	202
460	204
462	205
465	206
466	207
468	208
471	209
475	210
478	211
481	212
484	212
488	213
491	214
494	216
498	217
501	220
504	221
506	222
507	223
508	224
509	224
CLICK
13.038405
508	226
503	229
494	231
486	233
478	234
469	237
462	238
454	240
446	240
438	240
433	240
429	240
424	237
420	236
417	234
414	233
410	231
407	228
405	226
403	225
402	223
400	221
399	219
396	217
396	216
395	215
394	214
393	212
392	211
391	211
389	209
388	208
386	206
382	205
379	200
372	187
365	169
359	150
354	134
349	117
344	99
339	81
334	62
329	48
323	33
318	19
313	6
247	2
243	11
239	16
237	21
234	26
233	29
232	33
232	34
231	35
230	37
230	38
229	39
229	40
228	41
227	41
CLICK
12.369317
183	75
172	81
163	87
154	93
147	97
142	101
137	104
132	106
130	107
127	108
126	109
124	110
123	111
122	112
122	113
121	114
120	114
119	115
118	116
117	116
115	117
115	118
113	119
112	120
110	121
107	123
104	124
101	126
98	128
94	131
90	133
84	137
78	140
71	144
64	148
59	151
53	154
49	157
44	159
39	162
35	164
33	165
31	166
30	167
29	167
CLICK
13.038405
35	169
40	170
45	171
50	174
55	176
60	179
63	182
66	186
69	189
71	192
72	196
74	199
75	201
76	204
76	206
77	207
78	208
78	209
CLICK
5.000000
79	208
79	205
79	203
79	202
79	201
79	199
80	199
80	198
81	197
82	196
82	195
83	194
84	193
86	192
89	191
94	191
98	191
106	191
112	192
125	193
137	196
152	201
168	208
183	214
197	221
208	227
221	235
232	245
243	252
253	262
260	271
268	280
274	287
279	293
285	300
290	305
294	311
298	314
299	317
301	320
304	322
306	323
310	325
311	326
311	327
312	328
313	328
314	329
315	329
316	330
317	331
318	334
320	336
323	340
327	345
330	348
334	352
337	355
341	359
344	361
346	363
349	365
349	366
350	367
CLICK
14.866069
301	296
291	277
284	261
278	248
272	235
267	226
264	218
261	209
260	204
259	198
256	193
255	188
254	184
253	179
252	174
250	171
248	166
247	162
246	159
245	155
244	152
243	150
242	149
242	148
241	147
241	146
240	145
239	143
238	139
237	136
236	133
234	129
233	126
230	123
228	119
226	116
224	113
221	109
219	106
217	104
215	100
213	99
212	97
210	95
207	93
204	92
202	91
200	89
198	88
196	87
195	86
193	85
193	84
192	84
191	83
190	82
189	82
CLICK
24.698178
191	83
194	85
199	88
208	92
219	98
231	105
246	113
261	123
276	133
291	146
304	156
317	167
330	181
343	192
357	204
368	215
377	224
386	230
395	236
401	242
406	246
409	248
410	249
411	250
406	245
405	244
403	243
403	242
402	241
401	241
400	241
400	240
CLICK
22.022716
406	261
407	264
409	268
409	269
410	269
411	270
412	270
CLICK
6.403124
412	271
410	273
407	275
403	278
398	281
393	285
388	289
383	293
377	297
372	302
367	308
361	313
357	318
353	324
351	329
347	334
345	339
341	344
338	349
336	354
335	359
332	363
328	370
324	377
321	382
320	387
318	390
317	394
316	397
315	398
314	399
322	390
325	385
329	381
332	378
336	376
338	375
340	374
341	373
342	372
343	372
343	373
344	373
CLICK
21.023796
338	368
335	362
330	353
326	342
319	330
313	317
305	304
297	291
290	276
280	263
271	250
261	241
252	233
243	224
233	215
228	208
222	199
216	193
211	188
207	183
203	179
200	176
198	172
196	169
193	166
192	163
191	163
190	161
190	160
189	159
188	158
187	157
186	156
185	156
184	155
184	154
183	153
182	152
181	151
180	150
179	150
179	149
178	149
177	148
176	148
175	148
174	148
CLICK
24.698178
224	142
241	140
259	139
278	139
296	139
314	139
330	137
342	137
351	137
355	137
358	137
360	137
362	137
363	137
364	137
365	137
CLICK
3.162278
389	141
401	146
414	151
427	157
439	162
452	168
461	176
474	186
487	195
500	205
511	215
522	223
532	230
541	236
550	242
558	247
565	251
571	255
574	256
577	256
580	257
582	257
584	257
586	257
587	257
588	257
589	257
591	257
594	256
596	255
599	254
604	253
608	252
613	249
618	248
621	246
625	243
627	240
629	238
630	237
631	235
631	234
631	233
631	231
631	229
631	226
631	222
631	221
631	220
631	219
631	218
630	217
630	216
CLICK
17.262677
625	216
623	217
620	218
619	219
618	219
616	220
615	220
615	221
613	221
610	222
606	223
602	224
597	227
588	230
577	233
565	237
552	242
536	247
519	252
501	257
483	262
466	267
454	270
440	275
427	280
416	284
408	287
403	289
398	291
395	292
390	293
385	294
381	295
376	296
373	297
370	299
365	300
360	301
352	302
344	304
335	305
327	306
320	308
316	309
311	309
306	310
302	310
299	310
294	310
290	310
285	310
281	310
276	309
273	309
270	308
266	308
265	308
264	308
263	308
262	308
261	308
CLICK
11.180340
306	323
318	327
327	332
338	336
347	342
352	348
359	352
364	356
368	359
371	363
375	366
378	370
382	373
384	375
385	376
386	377
387	378
387	379
CLICK
7.810250
389	379
391	376
393	373
397	369
401	364
405	359
408	353
412	348
415	345
415	344
416	342
418	337
419	334
420	331
421	326
421	322
421	319
421	314
421	310
421	305
420	300
417	292
414	283
412	276
409	273
408	272
408	271
408	270
407	267
403	262
397	257
392	252
387	246
381	241
376	235
371	231
367	228
362	224
359	222
355	221
352	220
350	219
347	217
345	217
343	217
342	217
341	217
340	217
339	217
338	216
337	216
337	215
336	215
335	216
334	217
333	217
333	218
331	219
329	220
325	221
322	222
319	223
315	225
312	226
309	227
304	228
301	229
298	230
294	231
290	232
286	233
283	235
279	236
275	237
271	238
267	239
263	239
258	240
254	241
249	242
245	242
240	244
237	245
233	246
230	246
227	247
225	248
224	248
223	249
221	248
216	244
205	235
186	224
156	211
109	191
52	171
